@relation contraceptive
@attribute Wife_age integer[16,49]
@attribute Wife_education integer[1,4]
@attribute Husband_education integer[1,4]
@attribute Children integer[0,16]
@attribute Wife_religion integer[0,1]
@attribute Wife_working integer[0,1]
@attribute Husband_occupation integer[1,4]
@attribute Standard-of-living integer[1,4]
@attribute Media_exposure integer[0,1]
@attribute Contraceptive_method {1,2,3}
@inputs Wife_age, Wife_education, Husband_education, Children, Wife_religion, Wife_working, Husband_occupation, Standard-of-living, Media_exposure 
@output Contraceptive_method
@data
43, 2, 3, 7, 1, 1, 3, 4, 0, 1
36, 3, 3, 8, 1, 1, 3, 2, 0, 1
27, 2, 3, 3, 1, 1, 3, 4, 0, 1
38, 3, 4, 2, 1, 1, 2, 3, 0, 1
25, 3, 3, 4, 1, 1, 3, 2, 0, 1
25, 1, 4, 1, 1, 1, 2, 1, 0, 1
32, 4, 4, 2, 1, 1, 2, 3, 0, 1
43, 4, 4, 5, 1, 0, 1, 4, 0, 1
42, 3, 3, 10, 1, 1, 3, 3, 0, 1
24, 2, 4, 1, 1, 0, 4, 4, 0, 1
25, 2, 3, 0, 1, 1, 2, 1, 0, 1
28, 4, 4, 5, 1, 1, 2, 1, 0, 1
40, 3, 3, 3, 1, 1, 3, 2, 0, 1
48, 3, 4, 3, 1, 1, 3, 1, 0, 1
26, 3, 3, 3, 1, 0, 2, 4, 0, 1
24, 4, 4, 2, 1, 1, 3, 3, 0, 1
21, 3, 3, 2, 1, 1, 2, 2, 0, 1
49, 3, 4, 5, 1, 1, 1, 4, 0, 1
28, 4, 4, 0, 0, 1, 1, 3, 0, 1
33, 2, 3, 1, 1, 1, 3, 4, 0, 1
20, 2, 4, 0, 1, 1, 3, 2, 0, 1
42, 3, 2, 1, 1, 1, 3, 3, 0, 1
34, 3, 2, 8, 1, 0, 2, 3, 1, 1
48, 1, 3, 4, 1, 1, 3, 4, 1, 1
37, 2, 3, 5, 1, 0, 3, 2, 0, 1
22, 4, 4, 2, 1, 1, 1, 3, 0, 1
25, 3, 3, 1, 1, 1, 3, 2, 0, 1
39, 3, 3, 1, 0, 1, 3, 4, 0, 1
22, 3, 3, 0, 1, 1, 2, 2, 0, 1
38, 3, 3, 7, 1, 1, 3, 1, 0, 1
30, 4, 4, 2, 1, 1, 1, 4, 0, 1
25, 3, 4, 1, 1, 1, 2, 1, 0, 1
21, 2, 4, 2, 1, 1, 3, 1, 0, 1
22, 2, 1, 0, 1, 1, 3, 2, 0, 1
25, 3, 3, 1, 1, 1, 3, 4, 0, 1
39, 3, 4, 6, 1, 1, 1, 4, 0, 1
40, 4, 4, 2, 1, 1, 3, 4, 0, 1
21, 1, 3, 0, 1, 0, 3, 4, 1, 1
39, 3, 4, 1, 0, 1, 3, 4, 0, 1
30, 4, 4, 3, 1, 0, 2, 4, 0, 1
28, 4, 4, 1, 0, 1, 2, 4, 0, 1
25, 3, 3, 1, 1, 1, 3, 1, 0, 1
23, 4, 4, 1, 1, 1, 2, 3, 0, 1
46, 1, 2, 8, 1, 1, 3, 3, 1, 1
39, 4, 4, 2, 1, 0, 1, 4, 0, 1
19, 4, 4, 0, 0, 1, 3, 4, 0, 1
23, 3, 3, 2, 1, 1, 3, 3, 0, 1
47, 3, 3, 2, 1, 1, 2, 4, 0, 1
35, 3, 3, 2, 1, 0, 2, 2, 0, 1
47, 1, 1, 1, 1, 1, 3, 4, 0, 1
33, 3, 3, 6, 1, 1, 3, 4, 0, 2
37, 3, 4, 3, 1, 1, 1, 3, 0, 2
39, 4, 4, 4, 1, 1, 1, 4, 0, 2
26, 1, 1, 2, 1, 1, 3, 4, 0, 2
32, 4, 4, 4, 1, 1, 2, 4, 0, 2
23, 4, 4, 1, 1, 1, 3, 4, 0, 2
25, 3, 3, 1, 1, 1, 3, 1, 0, 2
31, 4, 4, 1, 1, 1, 1, 4, 0, 2
39, 4, 4, 4, 1, 0, 1, 4, 0, 2
24, 1, 4, 1, 1, 0, 4, 2, 1, 2
40, 4, 4, 6, 0, 0, 1, 4, 0, 2
40, 2, 3, 6, 1, 1, 1, 2, 0, 2
33, 4, 4, 4, 1, 1, 1, 4, 0, 2
22, 4, 4, 1, 1, 1, 1, 2, 0, 2
33, 3, 4, 5, 0, 1, 3, 3, 0, 2
28, 4, 4, 4, 1, 1, 1, 3, 0, 2
29, 4, 3, 4, 1, 0, 3, 2, 0, 2
38, 4, 4, 3, 1, 0, 1, 4, 0, 2
49, 3, 3, 11, 1, 1, 1, 4, 0, 2
43, 3, 4, 5, 1, 1, 3, 2, 1, 2
34, 3, 4, 2, 0, 1, 2, 3, 0, 2
35, 4, 4, 3, 1, 1, 2, 3, 0, 2
31, 4, 2, 2, 0, 1, 1, 3, 0, 2
37, 4, 4, 4, 0, 0, 2, 4, 0, 2
41, 4, 4, 6, 0, 1, 1, 4, 0, 2
24, 4, 4, 1, 1, 0, 1, 4, 0, 3
25, 2, 3, 1, 1, 1, 3, 1, 0, 3
29, 1, 4, 3, 1, 1, 4, 4, 1, 3
35, 2, 3, 6, 1, 0, 3, 3, 0, 3
33, 3, 3, 8, 1, 1, 3, 4, 0, 3
19, 4, 4, 1, 1, 1, 1, 3, 0, 3
27, 4, 4, 2, 1, 1, 1, 4, 0, 3
33, 3, 4, 4, 1, 0, 2, 4, 0, 3
40, 3, 4, 3, 1, 0, 1, 4, 0, 3
35, 4, 4, 4, 1, 1, 1, 4, 0, 3
48, 3, 4, 3, 1, 1, 2, 3, 0, 3
28, 4, 4, 1, 1, 1, 1, 3, 0, 3
26, 4, 4, 1, 1, 1, 3, 3, 0, 3
26, 4, 4, 3, 1, 1, 3, 4, 0, 3
20, 2, 2, 2, 1, 1, 3, 2, 1, 3
24, 3, 3, 3, 1, 0, 2, 1, 0, 3
37, 4, 4, 3, 1, 1, 2, 4, 0, 3
35, 1, 2, 6, 1, 1, 2, 2, 1, 3
26, 3, 4, 2, 1, 1, 3, 3, 0, 3
19, 4, 4, 1, 1, 1, 2, 4, 0, 3
25, 3, 3, 1, 1, 1, 2, 1, 0, 3
20, 4, 3, 1, 1, 1, 3, 4, 0, 3
22, 2, 4, 1, 1, 1, 3, 3, 0, 3
47, 4, 3, 4, 1, 1, 1, 3, 0, 3
32, 1, 3, 4, 1, 1, 3, 3, 0, 3
24, 2, 3, 5, 1, 1, 3, 3, 0, 3
19, 4, 4, 1, 1, 1, 3, 2, 0, 3
32, 1, 2, 6, 0, 1, 2, 3, 0, 3
37, 3, 4, 4, 0, 1, 2, 4, 0, 3
21, 3, 3, 1, 1, 1, 3, 2, 0, 3
26, 3, 4, 4, 1, 1, 2, 4, 0, 3
21, 3, 3, 2, 1, 1, 2, 3, 0, 3
20, 2, 2, 1, 1, 1, 3, 2, 0, 3
40, 2, 3, 5, 1, 1, 3, 3, 0, 3
30, 4, 4, 2, 1, 1, 1, 4, 0, 3
38, 4, 4, 3, 0, 0, 3, 3, 1, 3
27, 2, 4, 1, 1, 0, 1, 1, 0, 1
39, 2, 2, 5, 1, 0, 3, 2, 1, 1
49, 2, 3, 4, 1, 1, 2, 3, 0, 1
42, 4, 4, 3, 1, 1, 1, 4, 0, 1
23, 3, 3, 1, 1, 0, 2, 4, 0, 1
24, 3, 4, 0, 1, 0, 2, 3, 0, 1
27, 4, 4, 2, 1, 0, 1, 4, 0, 1
46, 3, 1, 5, 1, 1, 3, 2, 0, 1
36, 2, 3, 6, 1, 1, 2, 3, 0, 1
42, 3, 3, 5, 1, 1, 2, 2, 0, 1
32, 4, 4, 1, 0, 1, 1, 4, 0, 1
34, 1, 3, 4, 1, 0, 3, 4, 0, 1
31, 3, 2, 1, 1, 1, 3, 4, 0, 1
29, 4, 4, 3, 1, 1, 1, 4, 0, 2
27, 4, 4, 1, 1, 0, 3, 3, 0, 2
36, 4, 4, 3, 1, 1, 3, 3, 0, 2
39, 4, 4, 3, 0, 1, 2, 4, 0, 2
28, 3, 4, 2, 0, 1, 2, 3, 0, 2
26, 2, 2, 4, 1, 1, 3, 4, 0, 2
38, 4, 4, 4, 1, 1, 2, 4, 0, 2
36, 4, 4, 3, 1, 1, 1, 4, 0, 2
24, 4, 4, 2, 1, 1, 3, 3, 0, 3
24, 2, 4, 3, 1, 1, 3, 3, 0, 3
35, 2, 3, 6, 1, 1, 2, 3, 0, 3
25, 4, 4, 3, 1, 1, 3, 3, 0, 3
25, 4, 4, 2, 1, 1, 1, 2, 0, 3
25, 3, 4, 3, 1, 1, 2, 4, 0, 3
36, 4, 4, 3, 1, 1, 1, 4, 0, 3
25, 3, 4, 2, 1, 0, 2, 4, 0, 3
31, 4, 4, 2, 0, 1, 1, 4, 0, 3
23, 4, 3, 2, 1, 0, 2, 3, 0, 3
32, 2, 4, 5, 1, 1, 3, 4, 0, 3
29, 3, 3, 1, 0, 0, 2, 4, 0, 3
37, 2, 4, 4, 1, 0, 2, 3, 0, 3
40, 2, 2, 4, 0, 0, 2, 4, 0, 3
17, 3, 3, 1, 1, 1, 2, 4, 0, 3
