248.2755173815314,221.79786909458153,0
228.57097868163027,218.6520441477569,0
228.61876570601197,220.528584517078,0
311.8650138143282,238.2219480930268,0
300.3108679904273,253.5445454692216,0
309.0331989601917,247.31918695623148,0
194.6008915006312,253.72773052573478,0
196.39048448182186,269.75288753245627,0
192.37591956860706,271.87053021414965,0
251.60653305567138,356.3994363256296,0
283.0830762589437,199.69748184513497,0
224.90059340434635,292.27508371846307,0
300.03287937946027,233.4936435883052,0
222.86752977758698,285.8004605629831,0
229.81133345035335,327.16061760381206,0
222.87697751070314,292.88686102415886,0
196.6102491112271,288.91945809439386,0
297.9414343611833,210.3291139115605,0
254.6362859197618,329.5963739785707,0
202.1681783060392,222.9114464683828,0
274.98227027386963,258.42882989804974,0
277.943256301762,331.7806096802328,0
252.03299798016812,229.54356542495157,0
253.6081096390824,189.84300764900786,0
236.41368077980965,251.53185666196737,0
287.12104125128235,202.07507313955034,0
261.80839451737404,282.16984300545386,0
286.21394591703864,308.5829499816938,0
234.41798585947092,318.4138125749331,0
289.0093164111103,266.81266594126345,0
273.4190972204311,318.5107409778019,0
179.1174329072547,284.8585632919666,0
254.42139861321326,304.5196830598554,0
260.5763150687645,282.82664765076663,0
191.853609847778,302.76263172319784,0
243.64689472888813,349.210392028206,0
252.83510468911427,321.61998369890256,0
240.00452033669265,283.67840606839684,0
214.7821001695564,203.7048281010923,0
259.7695575009815,270.7207628665497,0
295.20990871624946,272.03840047500194,0
262.174433722251,338.8732633675104,0
228.82484316807043,284.72501502964,0
239.48925001040735,305.2088299997909,0
250.88365507876722,248.8981335369541,0
223.59235078035016,227.0420952067699,0
215.4874873955083,221.369096704752,0
286.42506241681053,258.62102336109945,0
289.18216983253683,287.0611272194441,0
235.52483118506245,306.73351466333315,0
284.278443673408,282.14801019135314,0
274.1884131202479,311.48651265175215,0
304.51013009193264,311.863382562521,0
271.87081097070035,207.6848708101678,0
203.98663038245007,337.43309087986637,0
241.47249617401752,5.277454933124204,1
475.3756929057615,197.03239870396646,1
370.8865007424052,259.6506561783711,1
228.94118692263464,167.06649103796224,1
447.18038483425255,192.7148928372689,1
504.04227582716914,57.82288385685081,1
363.77630032566344,291.96286985575864,1
362.3954038873557,483.6942209140212,1
41.75078096435636,57.60976337710355,1
97.71738132899756,339.8056132426653,1
490.640467581896,135.04814397503736,1
453.7498509935559,302.01340780869333,1
138.47552681115425,155.264315797567,1
396.88546476225906,245.65529867272818,1
224.9261253279587,408.79385826105647,1
32.16029197215762,137.05263447095126,1
107.41943874340643,364.44591808843484,1
31.38221232816737,420.78865117037503,1
313.45902479719877,107.70048096463483,1
25.907165127311806,131.50340998197038,1
212.43970221430413,60.25890537783465,1
28.596917123626177,91.65170755462805,1
141.2291516166564,343.66980993201946,1
185.66624550271618,118.14052552229805,1
143.2761698270256,401.10789493232534,1
294.6030856516533,34.0384067707958,1
65.95364137649085,256.1741127712191,1
334.8980640995859,313.2718789853027,1
349.7204356724517,123.31819880855988,1
217.19426600538966,60.36671131451516,1
47.59175814360441,89.33747753445328,1
383.65195683255735,102.55932638928414,1
464.3541415724231,163.73138809195615,1
150.48213024277206,272.3081696065317,1
19.294863729530537,190.34616013317225,1
405.2396858202754,456.7735970804536,1
200.17788588415627,475.2825046058589,1
83.36057122131209,355.09084137878335,1
420.9567585837134,42.97317868096235,1
232.12975018145272,359.95697931302493,1
445.51667648012324,407.66742403267233,1
326.3406198137026,185.39222360457194,1
455.89385326266347,349.56839565460064,1
296.0372953083236,140.8674751570128,1
339.25949807607543,238.04944843934703,1
458.04458755165683,296.33838555992986,1
157.88145506408762,107.15716980030635,1
30.246238933803472,433.77495566311086,1
420.78968824106107,231.89337235782068,1
69.45036649846229,25.218688978400678,1
328.9579401552749,93.06686984488789,1
476.38131140312083,398.5296475447727,1
238.57808455444098,71.51761338584708,1
52.20645360440213,428.239891285521,1
404.80211991649537,111.04008589647083,1
391.80863377964255,211.08714999375394,1
168.23107182236046,444.6025504514895,1
142.49401024074513,379.71845643122776,1
162.57333937278625,221.5910851757813,1
224.2859780055841,22.065546700950733,1
469.90328192614675,453.89632294861906,1
465.2532461881101,369.48393939360733,1
476.6748215273382,250.87733378202705,1
254.05511778257585,91.37571439164088,1
178.9167211491626,98.77735459045073,1
334.8160277476332,24.878873446927173,1
67.08426189653676,203.31085597904888,1
24.096727130081987,195.666790016959,1
455.60326741667615,502.11252604257095,1
282.87874073249475,50.243634576808915,1
197.17021186934988,408.07061599530874,1
395.67613233907196,120.3499531846208,1
250.7194819899217,403.1981616498656,1
77.44147076878936,306.64758500193113,1
145.08311488175445,162.6339266975919,1
77.08037096972213,20.240663885301956,1
175.3915199372987,177.25918702110027,1
195.81058345478402,433.7682750749782,1
16.558350773045085,329.26721133493936,1
179.3453557153151,218.9031881723633,1
134.74590382139877,373.1030012238058,1
421.49914028358546,105.28748249801578,1
162.13533689372798,240.5257521643381,1
391.2224891577061,419.56087883731556,1
422.6317488381018,392.5700372146332,1
11.358164102791527,289.6466146076617,1
86.91645852358738,354.01985362950506,1
316.7065114009363,152.54560876373796,1
314.00311375750977,385.72551562052996,1
327.2478999606113,333.26302701367763,1
195.14455801272356,132.77731117273277,1
76.44839730106816,43.541863688697106,1
441.66992160532976,253.38697157040633,1
333.00857318233597,449.4456954867095,1
392.3478495475694,125.03545247196456,1
456.94215287459593,408.6900475176735,1
214.69904363030173,413.4771161074454,1
388.478963661202,316.89126657810266,1
124.4214127684396,378.11305697034743,1
314.8854752838823,430.4129691379293,1
399.5546104365635,237.98592838304398,1
100.20920270720148,492.1778399175978,1
409.819415995808,474.73592998792043,1
163.86405748050882,232.23885760896502,1
502.00519907075153,281.2811073979708,1
50.131905570705705,251.81280153909324,1
76.71512967664547,274.957400882588,1
496.4509014449218,131.4850392285025,1
159.16623080316194,76.47394637376749,1
89.35186690839733,129.45355720182164,1
89.70316642784493,346.19677604622683,1
163.2716533956901,80.32216849441602,1
467.2460280423844,112.08411550088289,1
289.01976812017415,3.293701422806919,1
128.15210542991446,55.99014632627586,1
153.61808656958735,480.52460450310963,1
381.4519712971942,463.8481093269697,1
63.62260638908263,338.4629640044674,1
164.63975606931555,330.38178801541704,1
442.2560654278303,210.59954479986953,1
135.38186965081061,446.8024690914426,1
395.9402797163497,260.7007955940523,1
318.40926784722006,365.8392496303902,1
165.0152101873963,37.84371195080911,1
96.79771191617712,270.3875444592503,1
311.977480858792,27.90968366572298,1
198.7877670693646,393.45830177355435,1
77.33988037014117,445.1092892839158,1
338.51673534535877,407.60673514208975,1
36.55924484990418,407.7795924295148,1
27.31449664124964,449.44385659122554,1
80.9945155249687,476.0155159688222,1
137.82083251825765,442.2906270084709,1
191.0442613411559,160.70419675726305,1
263.0052934072443,437.0652145923989,1
98.77381147441977,234.05555761190044,1
361.22759089253253,98.95220501596094,1
73.1612066610023,350.47295648564204,1
314.8072410814813,143.3640777201012,1
359.72496303858856,356.9698902055491,1
379.913615657177,48.63647169814635,1
68.76938785920365,356.8633514998701,1
145.39064774158086,384.46680547638874,1
412.49424659985243,209.86413346811975,1
349.82105227905777,225.51887913015014,1
371.34769190960395,366.56115166930385,1
64.97040556873272,236.57590353694474,1
82.30394379096352,128.31476889130806,1
128.01915934567245,87.23736611408111,1
292.24569118783984,387.77671755926633,1
14.390984105199498,38.705287073351826,1
455.43928225675126,381.48120935691134,1
242.38659744721357,459.05016141683507,1
171.04087089994906,328.8241680834475,1
349.82243148434156,398.41730321541377,1
212.97588868602313,480.41395254416034,1
51.57896973732553,156.16138200026563,1
424.6174267948891,502.18669646788686,1
10.440202302735704,88.55077745626085,1
410.2003042222388,194.52046138650837,1
340.9504657528202,82.65559964945408,1
75.48789001197443,32.72984077276914,1
297.15897351220275,176.16885697666123,1
74.45292603536527,103.60840908970528,1
370.3684087722591,194.21910936256256,1
135.70400866195692,390.3433784026866,1
135.77382928199253,402.92258531764514,1
159.41163514662097,82.49436515164291,1
171.45439564337974,42.76911741442234,1
389.7651102775162,179.35272275638607,1
294.02520958557005,89.14924980495277,1
113.31252939642832,180.50553510705134,1
341.97052073206044,369.39357973716847,1
307.30194404828814,362.10380376621913,1
151.1838035298748,351.78419219032924,1
69.13369696075065,227.54812846477125,1
412.40781751387556,101.43552162731095,1
381.0442439741939,401.1651433019079,1
129.26972769598126,148.850138519467,1
176.63532273500505,295.5863471916415,1
261.0779414722988,428.27074425833416,1
341.1663520757021,415.2301163475099,1
337.95829151361977,100.78239047334193,1
409.1741792247676,491.1473460815596,1
392.9034158779131,340.27729099681545,1
472.22767976766573,237.8743844567985,1
425.09794939185525,335.54461749441543,1
191.10561559490918,107.55343026604515,1
228.272463972969,396.70842251789475,1
104.32015463060257,182.68931418885495,1
138.490994188879,30.240412257859816,1
386.96590699343136,45.060063162254266,1
270.7786713971935,435.09034815402305,1
23.29620497886469,348.36817314904124,1
369.4916019454584,19.026853225074603,1
215.96403974466787,429.9554302025335,1
145.47527281103214,257.47781147159844,1
219.70448631162802,11.243407934121535,1
140.59528737343805,367.5354388192768,1
40.939481595959755,211.98862280487577,1
357.5540736177371,413.22524614783066,1
403.13869805352823,206.50410525052183,1
417.7110377026828,199.8406183849624,1
117.7043776589068,337.2857544520058,1
137.65397253226786,357.60527668463305,1
93.91255956688477,33.317648998247876,1
116.51845815485902,426.137163812846,1
493.9265705717848,400.91630343997195,1
355.5199293190417,91.14794777464289,1
394.1006932117072,24.310024993664854,1
502.8493651151272,313.52352997522894,1
347.71297951925425,371.23540003725054,1
248.98908034966126,48.391625754505185,1
405.905701259205,365.66858078418534,1
471.6289407336433,417.9937030293203,1
362.97029409575396,125.39558767515251,1
71.65365684151713,53.731306171894346,1
45.257722557537434,149.62175365689484,1
198.7209971957833,379.3136156421142,1
447.7703236201603,325.76514733453115,1
486.2334897464929,225.79963750827687,1
317.5967697558562,387.8429616785664,1
270.8695361730778,114.50580897209471,1
43.79077878832941,296.2007934802635,1
316.47562989634383,462.3215607168159,1
423.4528115728214,332.2750017527087,1
325.5920715985546,197.30986064490548,1
300.30413502943935,32.461362093127036,1
173.73708717898407,212.24281081707358,1
352.5897315095925,129.53808686413572,1
91.86136700869311,203.43520726520762,1
51.35760559091588,305.96851646489085,1
401.4723423332086,458.41043948954325,1
256.7232767750202,176.5126055644563,1
334.8613965423785,36.59491746399499,1
361.34291261384504,305.52269623737845,1
197.29970041937443,201.8116879861887,1
63.92189271135087,482.94547981036527,1
393.8216228129998,344.1930303001058,1
236.66878450104164,371.7103216474619,1
370.99080273607876,220.93574171163107,1
23.421838350995863,418.64584757687146,1
444.7546436070772,334.2035277247581,1
484.749045851593,16.83269468863955,1
55.020077887388,90.79972930900504,1
34.08123480551897,425.1909039038771,1
427.5755017441074,181.77457239215795,1
392.2659681470813,491.212994978442,1
53.163259623568074,309.98173748124515,1
98.39031004449232,31.9852081568809,1
300.40127544035124,481.0266832356154,1
378.014726186991,254.71869156891398,1
64.8747496328162,393.79852635502067,1
148.0639424211488,26.858736625354993,1
346.9748690779209,95.3395685639606,1
255.15418571861701,132.6067920412176,1
273.18711101190354,162.6072284754465,1
95.26459206736209,19.0714642667553,1
145.30939421952192,318.80533294493216,1
10.124737890207866,449.7909639993795,1
234.4154542570646,40.79455007781519,1
461.0019923082333,293.71497682958113,1
161.23963502058604,424.908898134486,1
368.736347813883,211.3806203549757,1
196.8970153973505,502.22800467435593,1
478.89716456104435,175.0611770251208,1
279.90247936057597,441.55231241351476,1
254.79245502940964,365.45721865728706,1
160.502975638224,58.87813445582282,1
476.7983741925305,434.25890354992833,1
463.3996639722116,136.10341724247667,1
388.10493039319874,211.8536882732638,1
297.7128171475464,74.40520722778678,1
349.2520118681948,326.89814914876126,1
73.83837990667104,205.08626821202472,1
153.81349688112155,191.75296336659216,1
168.96013662900612,246.4855874274689,1
297.8754434743428,390.49744263434934,1
163.91965362313397,119.58951424894991,1
113.49934320392994,447.29268821431515,1
497.1286013056728,227.7374847439512,1
369.312141422565,340.41316427762683,1
259.909017428665,107.68955218989129,1
280.00180515800275,469.6534826711521,1
393.4921684685432,89.03488920405317,1
239.98236816460638,175.31976411235877,1
245.929873335644,72.6371299798754,1
235.88779071180116,483.02049896177465,1
373.09744434367275,36.76094579258296,1
372.4814715204624,13.81369318218708,1
27.833972588143297,21.74292959122687,1
197.6697048463147,448.8852933995334,1
338.5313545039064,335.10792078363056,1
452.3824555727373,135.85677487472833,1
285.8006098725571,73.23424036815874,1
330.6422052598879,410.61720646702634,1
378.59686093093467,264.3268018434477,1
470.8924160771849,339.2636653864491,1
354.89599951958127,488.3157595376428,1
57.012300600218225,430.18933324375126,1
220.37330566352736,108.94376749428864,1
474.0914448739831,392.13891080115764,1
459.2951455608921,63.71463874840401,1
52.74948292997257,132.47833176359057,1
102.28708439766753,236.71174888389328,1
20.812636953716424,347.38082350772913,1
445.5886904392304,113.13689798803892,1
389.0863608890602,25.207422953034552,1
277.8971843368985,108.8515123815888,1
39.75378309195158,505.8055041993731,1
161.91350439670038,346.640850101846,1
440.7735464579299,156.72762438644594,1
372.9338173212824,223.09269954340965,1
175.6519035791473,340.87179917085655,1
212.1907834135931,451.4624504765803,1
108.20795935496206,390.82241115062595,1
10.296026688784234,17.012136850110778,1
193.12681527118545,191.02584134875752,1
73.1212489532253,320.3311317563049,1
144.09311886109873,355.9655493433223,1
508.05145717237167,188.97945130068922,1
357.1835438893323,57.30509498622291,1
350.3522936052501,425.98220354497437,1
29.836365114516873,167.66681340235874,1
477.1121411294067,51.453307681784224,1
359.54946602320837,20.586118688277622,1
38.2546084813998,499.26684447293417,1
142.1102135795094,167.7200648769562,1
402.82965463189106,448.59965335240713,1
132.28939714498094,298.3669059216975,1
53.30858250519593,59.113879270653285,1
414.38937663869115,301.88542571063545,1
500.9924424856505,21.440977533915373,1
102.70040667669635,362.95320767884914,1
126.82313281006223,101.0234801183696,1
28.29703188579377,259.74458312317586,1
124.53489622730586,161.26519885265515,1
457.4414073142987,261.20600183091904,1
363.55863967176685,268.77923246287753,1
92.70575604081645,365.49294358722767,1
325.86836509447204,67.92630587088917,1
21.01093526083752,224.51438793761105,1
407.4026092222437,148.10877193196785,1
449.8096653901031,461.83508843211325,1
374.81959964666225,159.5023197759332,1
125.7218581470892,381.6766801951966,1
166.8487659205678,169.206508921676,1
468.8044114753797,473.96753206569764,1
34.701981709647704,474.5467382907172,1
18.575314559495784,351.7086728216703,1
15.823112166486162,303.70815380872966,1
370.0849004616578,221.90920231313982,1
120.99756278370081,209.1140396473084,1
485.0402490103033,246.72755391420344,1
66.29661581528963,35.31984226031801,1
424.4582993756842,82.87347132253615,1
442.5112136044521,7.223669193617127,1
490.2709003915971,494.5045973289052,1
279.2313041780265,493.7644055956036,1
432.7662668474743,38.64142663425076,1
18.7607433392271,18.81529240685512,1
291.66968052485345,394.94485918022684,1
118.21328584704362,58.44147819344573,1
130.55613075504567,328.53703124756464,1
65.89592275541105,400.13168009076367,1
121.58364075854135,102.73257740201569,1
462.36117868640207,292.07627713986926,1
194.93390483887836,175.97281789876297,1
195.06760601048498,361.9942348662954,1
178.65400602885455,168.03028004732323,1
496.18989186059497,207.5514285702937,1
305.9095359700342,448.58530870993667,1
121.56393511507527,185.14414073264805,1
327.36634435079384,319.5985535000442,1
144.8077229161202,27.664468000112265,1
435.85150359334483,218.2652305215728,1
500.1948032412563,443.16100492729595,1
113.68888237986165,184.03071210625484,1
10.500570542422182,65.87656020183277,1
45.88164140485751,460.31848479329267,1
122.13887003238915,405.9855421492554,1
166.84524764682806,462.6255124065614,1
154.3809135370028,111.23761657056525,1
141.0207364290169,172.3401149018021,1
256.037160529223,386.5014027416244,1
487.40067134802325,196.730933277595,1
404.884883263375,159.8152580833472,1
366.664768302295,492.45180625298667,1
179.09316868979343,70.63133513515226,1
146.2758984428876,274.765158835547,1
303.0080055518616,72.48687853561393,1
373.22455270433693,382.7157165728303,1
176.46418073558675,479.5629475995828,1
203.51921522603433,6.053786087960418,1
437.6502449555988,216.44961461385515,1
314.129684717493,484.7096859370243,1
192.34102927139543,330.3695131740928,1
390.7212144262946,298.8802901229514,1
138.79110690160937,198.22039411591845,1
387.03574811098196,1.6587749736710862,1
80.520364053174,48.12916580351674,1
332.03417143098903,359.2800617836291,1
278.17880952076644,470.1470851533056,1
195.8303209846159,121.26913183418304,1
212.80662050817648,378.94329217074255,1
79.12739047241746,165.80201870064388,1
378.20669663908274,381.79673195305224,1
464.9742127548715,439.9162067318623,1
348.07281612612127,164.04527579452247,1
462.82146898139854,440.0967858714487,1
106.94978105793452,364.8917432782955,1
327.0079573359916,68.07987373493211,1
338.31348338026027,313.20868494778176,1
395.2977342456554,75.44729053979665,1
275.1287263644045,505.41496134605853,1
210.21363711676972,190.38776068168994,1
202.8119357184067,504.57117576428425,1
387.93874449537697,97.21952806327437,1
91.41307629435423,458.6125925249265,1
329.20481393073817,51.849369211972714,1
495.13455861606786,195.96994179587767,1
264.46006315895585,368.8243779271013,1
33.54311234019076,387.9915791615721,1
214.01029336889138,383.33033858250485,1
402.8272905793472,190.07372743686363,1
403.2074352195748,387.84876273923544,1
252.3644412318749,484.60314206758676,1
417.1611562665099,89.88385971547854,1
441.40298526923556,392.3352979222214,1
126.59105741603983,321.6259399684538,1
70.84058770968068,154.60939118865247,1
255.3199643224684,98.08953835360302,1
395.1462683365061,334.17435251649806,1
84.08004528852366,491.7434013482666,1
433.22195435291246,370.9813017697207,1
140.24842508148075,284.98099255262986,1
67.3995750890583,48.963930629864194,1
38.295856168310465,197.64090685613456,1
249.89902303467784,162.235984033492,1
128.08594219198193,445.62002646030305,1
403.85908589128775,480.42840431484547,1
312.67112587298254,102.32035979175788,1
477.48143226277483,369.9832818518302,1
85.64218872650662,389.8695827551903,1
336.2137938993843,394.8769219421588,1
106.16080748728442,269.259384080038,1
357.2533877750144,442.9245025782167,1
101.39147814807978,11.826541057524821,1
422.2033662712736,479.3269250784029,1
150.0526330669373,92.46195858195529,1
244.96292883095754,40.014455118747605,1
231.27770349380447,161.6043043806784,1
401.0862547962778,271.1640940377087,1
194.21288591843233,374.43864246048634,1
497.5206964526814,112.68634108975942,1
472.88618917225523,25.460949398674472,1
233.15229823824637,374.3303995220233,1
105.26761025788004,467.6480365206067,1
302.9028676081035,25.734950388233813,1
191.02011892184214,353.5254135925256,1
472.70694257220464,11.785058618810012,1
467.98820504211886,425.30303865479954,1
30.01210189260541,103.32153161347145,1
430.005034984377,350.8461846294733,1
352.18021021342975,407.72672392905724,1
494.59782264322274,64.17100038610863,1
63.49898188953415,447.41670246632714,1
363.7887986237669,471.1007942258575,1
216.72979851957982,373.2490493264923,1
366.25540870856724,395.54039175010666,1
257.90805856724813,135.29315341553126,1
325.6685941771778,94.36705973869914,1
60.93479508770606,14.217844325834278,1
431.14974275040515,171.97281451090237,1
309.4121071687065,43.50056594701317,1
29.34496033715308,240.9621501994891,1
364.38267123192696,96.38846755032029,1
494.0588745457192,15.677737918018977,1
479.44739530099685,425.03406445809196,1
503.51239435994813,455.9911269288509,1
162.67846378477077,231.43570735522025,1
73.51868275460816,195.52638248391588,1
338.44613282530327,306.9101262765816,1
427.251013683017,377.9484070126417,1
142.29669072201776,116.76949404747148,1
370.67200604141084,120.98905468782749,1
89.28239930544916,435.18898934356383,1
16.183641446477196,497.7474387721095,1
8.963074538522466,305.071212354685,1
9.690160758582746,209.98785717384055,1
153.37660697515867,306.59400095847855,1
29.471217101404367,376.1902986021079,1
505.87060399972484,467.3976809123523,1
259.0202841979749,463.1311060275999,1
444.79683869315136,273.10474624313946,1
90.24680360562525,353.9119867568122,1
397.9897349547129,150.83925550927228,1
145.8590842827692,367.84286696387585,1
13.932442230297449,467.6578038021512,1
20.0690850705116,377.05999879916544,1
384.80927925249046,433.4760332415617,1
76.07639356352504,74.87836205699978,1
390.27229945724184,78.22474094181905,1
259.58281685938897,494.43201442737677,1
47.61262236968008,211.22885654454564,1
423.0807921642956,169.79490465825307,1
351.4475903673037,316.82604805049436,1
7.961877628482865,289.90310009193405,1
442.1529012545796,429.4952111224286,1
347.9121732374052,473.685530497102,1
164.67432555825286,289.225921926604,1
50.201547091891825,421.6460954692858,1
109.97747157600226,304.07114760112665,1
411.331437517593,474.72592730825204,1
186.23685651398176,361.7861972501436,1
76.08369109778755,275.6108614299359,1
502.3084793571335,160.7344635135001,1
406.2595333699577,426.16935298120575,1
456.8038723269827,53.06364454787149,1
458.6686508298272,22.984430100636985,1
35.69743017200495,188.5619091387357,1
78.0463969096563,178.34576189452207,1
269.99708982131705,395.469532450085,1
88.47537208357032,162.48637769220846,1
253.35955164155436,55.11515281404064,1
228.30880255534043,92.89909566959733,1
82.43411898105796,94.30471996641643,1
109.84656810174143,420.1403833910739,1
360.4672982517985,354.1006817902794,1
274.8342794308736,48.03419066914017,1
286.2724946873736,64.64904742810768,1
75.7217200390041,143.64958925120914,1
427.2386997691019,399.9484340247108,1
419.4407936430416,425.20808275213153,1
58.6553198340057,216.49537591639864,1
43.73338960035314,417.61653817494573,1
213.31666070468304,468.4512656092435,1
70.98076436829206,263.4078756890274,1
212.27506113961542,29.436969687040175,1
211.12514684943537,443.70731732574507,1
10.735416816139034,17.2724271762242,1
407.63335905494483,159.42808323657874,1
98.42689293700496,12.939261574404838,1
447.5287213129526,27.23634724352746,1
253.3489119187559,388.75526385542366,1
245.31394724952935,157.91119206581806,1
505.5689036197791,193.21095847016903,1
183.1219692305044,46.5611613443765,1
131.74836718603586,41.128921925659256,1
258.66545454053545,14.745131344815888,1
427.507407210624,163.8809768667084,1
290.4464105868884,384.2038278701409,1
397.8466328269418,247.41147231553452,1
359.34753045343365,58.783190258402044,1
411.4012827146951,186.03292612627706,1
170.85500356903313,125.6506106242249,1
56.08189098846766,175.87794680883604,1
76.14811859043597,366.3188594093108,1
301.97300566592264,433.87946631806403,1
45.33473915870509,103.95634507941526,1
213.68769826825863,467.6293598665941,1
405.8720762732282,472.5299799072861,1
136.34253427026022,414.1516985233556,1
116.04027068806242,410.4302025909284,1
486.09578973027953,217.93802609480912,1
368.1506532017291,395.44696492938687,1
328.4554267786484,102.4029316913863,1
412.5930768354626,320.86516676667566,1
304.56706525705573,427.6602306567208,1
450.7974884583913,215.56225474907023,1
84.65391678887438,371.08657163085445,1
447.45088344580154,158.96677819805535,1
192.1473734060035,461.77058673880924,1
246.40146005071853,430.85624246784107,1
77.45587585301475,399.0572309143372,1
130.37866502556022,203.42625565737592,1
456.75387543828407,408.2062149356528,1
317.3310180675884,342.6525642429265,1
324.2452845740228,111.01811812848342,1
470.60463119359,67.11600986063212,1
254.63671404108575,412.0731818102129,1
434.6195958057046,249.25960468296694,1
46.889558634974954,152.39026735545065,1
462.46798745111164,458.2826643164495,1
86.8999574308708,470.92327959967423,1
48.609743513063435,93.93804380823241,1
158.29379217318402,9.235806472625995,1
428.335469859769,248.40514312054893,1
33.38236067606455,327.9364551742442,1
279.97961126232565,29.668488872346245,1
303.5059391447916,377.77252900501486,1
458.9895488387836,254.4845021223482,1
329.3467435386182,356.04446239235335,1
424.9059806111839,209.1411268602664,1
158.94862386756188,85.57889953306824,1
204.32403643056253,349.0647418122162,1
217.85109255437104,63.11355041730911,1
125.43616279596333,182.6514208004893,1
348.2585385398372,236.13614476446043,1
484.8126062944691,4.883031490017913,1
191.52758947635274,48.784571972395156,1
390.8899211155666,390.10606941231146,1
467.76442172026617,406.1651819198948,1
402.07310130867273,56.31258926807993,1
378.2959321669818,13.276812915488165,1
448.6551439195015,94.82951252383685,1
366.8169107710007,239.45464313873146,1
440.95964742570567,439.2261385321003,1
177.31834051508145,483.75028945902085,1
198.50614798913688,389.52247541715735,1
354.95930369675534,367.4675633517709,1
334.6527680709666,315.2421824882134,1
306.43431894160744,76.90949808784217,1
91.04519642227356,17.064643737591553,1
376.49648894257984,324.9777430286981,1
78.29354684482715,111.7918863887237,1
8.124129171326803,334.60186116395175,1
373.6101048851884,339.0567741473244,1
126.36408173298875,410.06154332596924,1
212.67155381927685,190.65993213694742,1
45.14989630898308,214.101157467373,1
199.71792960103596,94.63383528271368,1
139.37640627712128,449.3214778350809,1
202.06819976776697,121.93561798564195,1
473.511158904391,283.5718825492869,1
409.72579233438705,207.9938737263982,1
458.0948147374233,166.12628481825095,1
86.03280450411341,260.33382307528814,1
17.51337777300705,314.08380864693027,1
120.22007131830094,49.27643096901255,1
248.9057840092601,21.642079050313725,1
174.10054801777358,18.750862591088435,1
487.07520110138313,146.2360817633661,1
300.10104211864297,446.7378442630597,1
322.1567001555727,331.8467337727111,1
361.1058601199172,493.6458768652371,1
420.7983116769354,301.71423549654685,1
50.07401262580234,399.00871384848904,1
489.593213498611,372.2802085282631,1
507.6871315169367,456.60997945021967,1
152.7125531078245,428.56079105004676,1
363.2347478590347,262.5184659445324,1
433.9975818960796,210.69417395965115,1
288.1296908869809,126.52399598604461,1
436.7169345043901,319.5782428984885,1
120.48487472752096,338.56886320799737,1
443.7234903201399,172.50151759982663,1
496.03099559556506,11.978097419387552,1
339.9393038885914,450.5872023064463,1
497.26403881443787,26.654671614307006,1
161.58319333723298,337.2956583158641,1
333.1833824332024,306.965143561808,1
462.8112291806298,346.4712210727676,1
349.943715963383,109.92010286818754,1
309.57618501743707,64.16893446070151,1
291.46417311381776,170.0653111148926,1
363.61604426758964,421.6826757567038,1
238.3751631073644,477.63652663243647,1
450.18954147554115,382.57644359733183,1
434.316187594914,99.04451779789747,1
39.67758086255715,357.02234923416245,1
382.2147099783249,205.02104773040605,1
408.78658288381433,317.2483766313577,1
397.9398328291803,93.7881491497318,1
255.21488467498307,484.62966634423617,1
486.9397261561783,29.14502790904237,1
266.78520996770226,70.85742005520103,1
73.2665166548768,229.0552933078838,1
130.02604977278642,437.32862607658933,1
455.08606176411394,24.837396135672634,1
329.3578862628794,206.7655278654335,1
62.34039047724776,62.29015771413907,1
117.47734977990436,42.0631463640251,1
12.677574763585467,151.83124747138885,1
497.2759755245139,265.1999393518506,1
22.1199571234349,231.16111929238002,1
251.9281763090943,10.26093550294405,1
490.91024936535104,37.793415712994886,1
24.395438343193177,252.8584839294477,1
81.73499258329076,377.0005828058478,1
84.11451923041166,297.9471995810734,1
143.77896304800234,379.1936157234497,1
428.9025061661554,212.45243246882063,1
84.20938580587816,173.1857988114126,1
390.4666389135186,22.525616659940113,1
57.84482361754471,349.4640621749307,1
238.48250842220833,416.63556619705685,1
157.64364388068125,10.6847160106974,1
310.58747557750957,470.5727287284626,1
160.53537755434513,272.0128546315167,1
216.58570502903973,184.65781764073608,1
503.63075773298505,188.37210655190046,1
314.4459652695968,171.18294246789213,1
425.78361048850684,309.97234973543414,1
476.2963225235738,485.6920229652282,1
335.09721361136405,405.7891020945665,1
345.54963369178046,103.77927345041331,1
11.34422820817025,146.98084848165672,1
253.81979429042485,457.9763158212932,1
79.79562569400701,321.706160471834,1
305.22042530985135,31.73505740386605,1
449.406604527183,420.032265648834,1
242.2658795506059,98.99859708971502,1
447.4465612932903,176.19300270907144,1
225.38425061869833,356.3291746194078,1
379.02835469562046,383.55780110296126,1
357.0315736332635,62.80036160973293,1
136.57510832299488,111.91317630618659,1
44.327743275955726,359.27060043917527,1
295.95714380213957,448.05499813724924,1
5.347073792813745,204.3700705524817,1
478.76040467040417,96.66643580243453,1
163.33568330150246,280.8297460605619,1
137.01353168332017,212.79099485884865,1
477.6389522013044,15.157392050208898,1
352.4210513065167,449.95133759069085,1
24.095696368153952,44.549732191390035,1
407.83292720036604,128.03544497362464,1
68.93930170510384,492.8676869038542,1
436.24155054299433,223.8852710262277,1
235.6994361142309,454.38544764557446,1
491.5172332531386,367.9594877590645,1
357.0218405162465,34.87295780080092,1
490.80369925959235,192.39151142308924,1
434.91535447764915,373.8496553064076,1
306.10199640323424,124.7669543899762,1
58.218157246805546,101.44253433336081,1
301.10440213281976,11.98282816842152,1
24.333946370567542,315.4983651823645,1
122.87900710003787,206.5628455216094,1
416.5856956199049,147.3830735366763,1
107.39652018949361,223.6078821414663,1
435.61617794051404,326.73996447687455,1
375.61687243753516,324.57258830349247,1
287.51585554157333,16.80102401464984,1
500.1613828324558,305.23347909971744,1
159.52508974621333,344.1251266925419,1
476.0189283192975,224.5088027171438,1
323.194362789075,396.83259783408243,1
313.5603642322629,186.46066633673445,1
359.95771011625845,362.78785790685026,1
143.11745239415583,295.5953023617586,1
140.66508579055835,351.4775307426477,1
204.68030523182998,16.472704940770257,1
482.7472763250493,71.5252732692528,1
317.7546351611625,467.5138157550398,1
503.88941666732705,62.35955881199828,1
92.37375520300283,306.0703363384415,1
64.01461550285362,359.9003913119244,1
87.69352137372964,138.99995171293966,1
173.61048075998292,350.46980297320016,1
456.69691252630423,465.72203113305955,1
249.4528783364406,165.98224540621015,1
257.468381546954,115.90859034746916,1
168.73059078591726,14.949757118389584,1
84.07948243881557,109.89048893677693,1
383.44518909342327,102.90713796187339,1
72.09786123807123,416.74538992516756,1
471.11909030571667,211.78290153516934,1
367.0734072332578,369.852696809308,1
210.88995318772024,174.06211197435448,1
334.4808798067803,155.6521864400795,1
34.32460394930821,238.73326606719354,1
504.5796540330219,231.77140024528302,1
214.59400589931874,453.7030540563394,1
141.11695182909457,351.0001975499026,1
291.17506617670364,23.25042555417633,1
320.9793157614956,4.897665742126435,1
191.3178837630651,115.56047767587825,1
165.5911935304684,208.95000480262757,1
99.65875150077706,315.959695209711,1
416.90575111684734,477.1789535526501,1
494.0903474606509,427.83981254677906,1
353.8290368365954,366.6940704802769,1
129.07066215990125,247.66447395395812,1
250.26954336690326,467.32298696140464,1
54.55693670890376,163.82225289014053,1
173.93915936873512,392.1838144137485,1
323.1818455403755,121.41607207616391,1
251.21808983668123,480.70674734211667,1
192.6097198475879,135.92105406569482,1
262.2919993396329,144.09724072753517,1
483.3873068514441,452.3286750791168,1
131.5190684443438,325.90511937077974,1
373.6648860638094,364.8532041173978,1
465.0859446848377,236.8132376600463,1
350.07506811983404,293.61269807213074,1
137.28266607299568,165.99562468074453,1
317.17376559199306,50.44755599771156,1
399.9251278842367,482.6262330338727,1
489.2120829425482,371.6571746482494,1
280.41979848821165,180.96719333383123,1
386.8514685827453,126.99386862584015,1
98.39495385661857,468.072737784658,1
217.17322898082386,373.8076725300635,1
72.59028081063916,236.99791395004922,1
209.8144049401484,486.28454126506074,1
61.62410949506738,280.8245153362009,1
471.6725478969349,303.7687737595226,1
254.72278213062626,98.68667998916385,1
10.044077010566083,376.1578384050604,1
109.22984227890647,178.24996442242656,1
149.65467946518515,5.855030447592924,1
144.56690847848898,306.5751861490516,1
484.5845986373719,77.1219760009202,1
376.2834928448981,361.47733594136326,1
418.53241537879006,253.44656006487594,1
202.14961618503668,341.1467432669573,1
332.6503808259496,463.1592928483265,1
363.4984060563293,504.70023751210476,1
399.0844096405124,83.31860103000179,1
27.99568237849969,106.50875137186802,1
47.68565202767681,386.02363687041844,1
463.32729663741185,402.975545694813,1
151.3904197114956,338.07915897579176,1
505.56496255559495,193.4936289845258,1
465.52685737109755,416.61685672777975,1
417.9128120968562,201.21158156084658,1
157.42147405179367,216.11130280519558,1
50.11235967966465,474.5488562834919,1
249.635429597074,165.33428584791443,1
431.932754536031,7.5159985760885775,1
114.03457270834056,429.00195661742305,1
371.28174115584,242.4810510838094,1
483.98947506228575,433.83067111946224,1
325.29983537737513,133.3595851494481,1
101.31395480825391,392.4277501612738,1
45.346147275477705,450.2914413114608,1
407.0802375583804,20.904836065588825,1
496.0488623133408,318.70347226357933,1
176.1983016639837,157.31198288962366,1
174.57693320133365,126.24329486173781,1
434.61453848112797,147.95218186883852,1
118.99147542835698,220.4051794069028,1
330.17147693697143,197.34614963139518,1
177.95651000201227,457.7549752087715,1
92.57556197118684,455.0789072170174,1
265.54397862291006,358.9701558373233,1
67.19965613154051,267.7124906600186,1
56.044332216497615,28.971492812555255,1
199.35746305705828,496.93169469198995,1
144.60248998931996,189.90463554712647,1
65.798201245483,276.7951630056325,1
360.9341697081862,153.61536638363032,1
27.972508303191002,393.38594468333974,1
458.65487957794454,132.32934893662133,1
65.55394853979918,135.4083260738346,1
61.54057884964081,144.95641414286433,1
104.78396691986947,386.7206021880042,1
340.74801012610516,336.80127018178666,1
499.8146102272824,158.81660633047716,1
76.55879526083943,380.5991421771169,1
8.460148730347989,140.68626236600755,1
52.585648069715624,483.0062223949567,1
67.37771975412431,329.07169215961494,1
113.9714334876318,505.6351885829047,1
153.0234423397352,436.471033555905,1
431.92388413859146,223.43770523886712,1
46.95849073462745,425.69593171644397,1
12.39331090120394,64.6832383503928,1
62.47139177663866,256.09678359663747,1
58.417751065883486,430.14189558319674,1
30.732112261511656,128.32303872201413,1
461.41549377907677,9.362927548114158,1
473.0717663414491,262.3066557833025,1
16.77122836278224,413.3425932412853,1
56.94850265101086,483.7505408612621,1
110.46730659739875,12.615897626147216,1
247.6008538159981,157.07775827543736,1
222.47895749086018,38.464086406997296,1
362.9271438977298,415.6184360098817,1
48.033866492126855,266.7290552910956,1
505.9605655240399,304.50597945005075,1
126.11553553884804,451.9995965210966,1
346.2010089892532,445.5223527656509,1
50.51810238994823,238.88696656585756,1
111.37493547870687,179.9808747212009,1
475.54426919443006,13.899198949064612,1
51.89857140927865,15.747757342103228,1
474.4764423258133,368.00471457835465,1
506.94574769857616,278.83061095048805,1
178.84880535835796,215.15337009808422,1
344.50270263266725,33.3116095252887,1
140.3251297904189,265.47943953560406,1
434.2593118499966,405.3630312954491,1
395.586050417691,458.0860280714273,1
499.62204679291307,208.0385786353068,1
335.1151724425473,437.2412937505045,1
432.46035188827403,290.32659098385955,1
506.4018276086048,299.7730248827811,1
207.39672512201196,199.19033845746674,1
119.28909849966824,264.7210596199833,1
11.60700981204379,124.52639665743726,1
249.45275445764906,398.09774055562394,1
385.268509079358,83.91048062709831,1
216.6394685073921,361.0210835790384,1
325.85369305074516,353.18950582882735,1
18.263907156144203,147.94673445992237,1
425.4195146828459,262.05768307291777,1
386.76827483874837,492.7642799785632,1
357.0117630744336,454.11759929495906,1
501.4687598533306,52.08287802888725,1
495.3184264301988,212.762616276728,1
232.11205903682335,496.2420199892231,1
351.4394784520282,504.8035372012226,1
335.092678203424,113.09774279453796,1
410.14308636409646,331.9181999384897,1
76.74569737991466,217.525650987345,1
36.72589000492863,149.67868097300777,1
16.05493196048571,240.4945240461734,1
338.20814480043816,203.26678262377976,1
368.59908081767566,18.736387929419664,1
108.14418889474572,374.80723601627955,1
344.28241796694454,356.0365656878765,1
394.357434462913,246.33925946937603,1
364.2026776469817,287.61375721447405,1
134.6655560822,44.03701444030128,1
449.98226617065774,128.44756992119267,1
184.2319291649469,439.35082531680996,1
363.45317756606494,157.2189736026893,1
381.3926038045738,368.9579373397021,1
126.48994227753082,273.3040955414104,1
31.921253936078095,320.38264980301585,1
444.64709241946946,421.3594183425417,1
21.456440837749653,281.1848977385242,1
91.21914292211166,436.13438191190136,1
68.27007955402897,251.89103694165152,1
23.397115881912878,330.8901708498803,1
381.1564055633618,433.81443390917593,1
91.80633194598232,219.67501821153246,1
180.38217246995916,166.0257160152462,1
397.2893178328138,439.4314830884949,1
214.75790597072336,45.979608751846285,1
5.257887266389616,122.35571916261745,1
358.3934500683981,13.166375277476902,1
463.799647079565,427.82362680902213,1
37.406983140386586,454.6213344005374,1
129.35027906135886,283.2630815568708,1
89.83489203762755,444.4527820978774,1
299.797155459962,104.53868234632478,1
362.0013275707709,347.69596270727834,1
343.08341828041006,110.20318707831746,1
178.49731774444993,382.84991502386254,1
17.340060152620197,109.61675727039864,1
81.86355011993349,274.08226913931776,1
458.33841585053295,229.49330237811154,1
204.7727661022427,173.42295129895513,1
97.24238829747462,172.14421575978292,1
237.92889948513587,471.3539277553927,1
500.04493418899193,56.15049518047664,1
472.0396027363165,21.03776321708409,1
230.6972664208134,476.4057957101618,1
81.07712824417614,237.01393883509513,1
404.7819868459594,295.43300079910534,1
228.61987849563175,93.52770089886042,1
506.64324744033183,441.5887966013797,1
218.36270882750384,40.742167185943345,1
403.16664014175063,82.23076043814274,1
85.89864865676414,118.92038700303436,1
476.901165642243,121.13330723280689,1
170.6083123671618,241.24988614206757,1
36.93320947785282,399.3988437151848,1
470.94522908678704,335.3183786754478,1
129.8586456853646,457.82227003055004,1
288.57627827755226,21.33496462734223,1
168.35513969729098,326.1274116663457,1
111.72618833399548,322.02737963136155,1
135.22992358032653,60.70488224591469,1
323.683100517027,24.731510936534903,1
441.4119166843451,97.44216900324403,1
252.74994670349034,430.5256833298888,1
422.1679459360171,79.94734383522041,1
154.97154538234346,88.34766872183354,1
474.8533749285744,385.9288262813946,1
32.732715043435896,3.8688207090557967,1
467.75651063106176,25.704634432562386,1
459.80543847494675,493.4853749640188,1
123.06379110635389,86.77550912695011,1
489.6258040618094,483.1228726050117,1
96.65937233926338,7.106945649734541,1
200.5018954539199,469.63581803296523,1
24.377984228692757,477.2267320388262,1
271.09393168980637,49.42041644960841,1
481.8657887253826,34.44425451896353,1
126.25198775795565,91.54281579862663,1
254.28464893475507,120.23276495926888,1
145.92698232495155,441.71551271898835,1
407.3413688593641,203.43811278034036,1
283.440323306227,402.55835438249625,1
414.4783519759035,208.45229206577852,1
503.24586016050847,113.11192953411307,1
357.0825309409724,150.9335600413927,1
131.95909836227392,162.87847668180484,1
391.5762969639161,230.03388489311186,1
123.29986735390942,390.96305905806224,1
182.1958782086708,78.70164939257461,1
229.2949900117528,373.9453468509947,1
480.4194245023943,136.0717361996755,1
443.06314639490625,369.6403628386883,1
375.038453261982,380.0880371851153,1
502.4845503931306,223.81938239442104,1
71.40847752620779,363.2581184404513,1
411.651831225086,451.3661030182822,1
35.54916878644938,38.338832746352466,1
161.69580534463017,430.660648407529,1
408.3899965586005,261.78188331985746,1
144.19296021958553,256.9315472853468,1
467.7072149015697,86.29021452712414,1
441.77006673235996,156.21987119860955,1
88.31665492835859,331.57882419092914,1
327.7265921035739,206.4221611726556,1
299.5797280823122,455.55630624419473,1
222.50280509642084,170.4418125619389,1
428.0159492223265,204.15633865858484,1
151.29907814028164,235.2517321696305,1
54.13788060705767,32.4510107767486,1
388.5081193894902,123.69309210413905,1
303.5800746381295,55.8823371561291,1
85.12113587592921,267.04621789267367,1
194.29538011101843,344.707841764489,1
412.7044055913141,138.13120189271837,1
252.34861049117646,96.6057629258205,1
486.54188939025926,70.00615709563522,1
386.69901665085666,368.48361918873087,1
476.06196246351385,287.63654846858094,1
345.02233806474425,326.6042202504333,1
441.5618204811613,329.7531981720847,1
492.05033380817383,40.2838414508264,1
211.73818271332604,387.7196152405228,1
443.5937889849393,408.70292829510106,1
435.6007624428738,501.7579008506456,1
154.0947121773726,294.50181756324065,1
167.18622957227467,432.25016365194205,1
408.3660905647723,20.732633904008424,1
328.8153735807561,340.80764565968127,1
204.36597535530743,355.813700198894,1
159.72835011634126,112.39508557899381,1
455.07745900571933,140.20767073049421,1
50.817904191607624,329.48008506072085,1
229.51450853961498,381.883125408072,1
103.97459593288156,443.8667969028421,1
306.79472372050657,197.05054627145358,1
10.147841834744504,503.71236792614945,1
280.8466863865654,488.9143450740657,1
501.82545073223577,249.00180688401372,1
196.93725144811037,111.24778746409055,1
476.73866089443663,179.65747065822575,1
75.91767304262994,427.99303786697624,1
447.46109003272034,150.7526973253236,1
15.938853247741486,219.03026891222856,1
295.3189294100816,406.7007449684453,1
139.7730318263308,202.91211953803975,1
176.83499634697205,452.2320813895983,1
289.56196331197367,462.1053635433104,1
328.2467439868002,389.9937046016662,1
253.7346430099952,136.87805980225107,1
166.91948851648453,150.76075140968481,1
157.87722804262467,458.53193292143465,1
465.6452273547517,431.3599473173422,1
481.8041321672335,341.72383383059434,1
340.6076008548823,8.999480057952042,1
120.67079993236887,176.31947215561888,1
493.51694160278936,284.82899293879973,1
356.3295871983799,233.1955974625634,1
165.8985125460701,357.34413438226136,1
143.02519069868436,362.587604103513,1
206.41006072650666,394.8148541433344,1
92.90051105946318,135.7574979613002,1
333.52619129379457,501.4846635128474,1
177.25065633650672,237.2819444786262,1
86.01338289450393,114.51992941611388,1
452.20530712749274,218.17742606545272,1
456.70833669922547,366.17748464836154,1
27.355297546175027,150.13687658461424,1
345.9199082412976,221.48510381828112,1
145.11586791290415,52.23812662729648,1
40.193734508547,462.22705671857574,1
264.4324851361797,379.86693559672545,1
12.972191052880085,266.5685662526562,1
80.60217279432588,389.98157413614393,1
117.36721050128924,2.1207825419914457,1
37.47815719050499,258.15715811831626,1
415.293635724007,252.70879981167633,1
413.09029779856496,234.68388707164792,1
358.46010555979944,470.31595785614,1
390.1971751117362,207.57930489377316,1
357.18180941865177,23.638828456702925,1
458.4876844981812,429.7106402541139,1
177.66631897328736,203.39819943216241,1
437.0711781013704,305.30917496665825,1
276.32892593036024,22.012104790176238,1
56.53460276256468,17.99461678951178,1
132.81773392561223,11.44825257688774,1
232.32145241362144,490.7299827634649,1
64.89663830343804,216.71110257787268,1
456.72317742615013,279.69085823418163,1
94.56201838393976,153.87636224209552,1
492.41221037819906,35.66104150857893,1
406.7457483473361,448.7209132702161,1
19.188100084165367,245.67594062860735,1
113.96221921889395,231.066939083176,1
218.01558015296152,392.09652702831266,1
171.7022055865606,386.5784646544557,1
384.2914678042777,97.22034757353606,1
288.7899237491047,54.06558212922522,1
117.37705286189183,181.50535589351182,1
194.41417175148098,0.645847515466869,1
138.23584710978872,301.07896212050895,1
448.46945885668737,108.08719134860962,1
10.177904810028602,438.0022471890673,1
356.0164218839194,225.8484066802912,1
450.22166208792015,113.52380827190751,1
23.446363024743313,182.66721862232424,1
85.09853866343867,108.8939065361592,1
138.46904690776518,249.13141337790512,1
156.63808727229116,77.84604801119139,1
338.8347608778226,251.4565041637955,1
431.1645966829054,145.1277211918399,1
45.79176069284648,387.0775581442565,1
387.3288012560386,42.391823003329876,1
89.86911693345364,350.92968878615,1
78.22582704352033,412.65199228473324,1
23.06864825593721,118.74085157525354,1
23.425691639566434,39.95046051887698,1
295.80291202600864,473.1237716513878,1
57.58129895442851,213.91052438374197,1
259.59415512390746,434.8477205629247,1
43.60789586287568,159.61651612609336,1
114.75616084831293,25.67403192987223,1
79.00724606092645,272.8213040470837,1
285.7972928774028,446.59373791380017,1
167.5239680887472,410.4938288505891,1
255.7143915233923,102.6982766272323,1
92.00916393602678,23.430101319579876,1
449.16216156417323,502.95748246436364,1
457.0015976665931,226.9589062324335,1
454.25709769759885,315.01649367435175,1
46.781989205818014,22.700575047114057,1
9.85574149770533,494.5968810224604,1
346.2203930588974,212.014716413011,1
12.855320276824324,428.1959688064004,1
361.5383423156117,430.8093618676254,1
215.55075898423033,418.58228691259865,1
339.0911206935246,195.10175573187507,1
370.9738101537115,189.47308241449701,1
399.1599136934422,185.91985681915247,1
255.17884153297524,132.1913156361971,1
387.2934947406517,152.57627504074486,1
333.2583604215139,437.10681266546146,1
49.77730445915574,59.93286747177251,1
124.62001848955192,10.57730789842816,1
136.58125768062928,159.259824706198,1
173.0453687491228,233.08572777234315,1
438.843295564387,355.07364166861134,1
239.10940191397677,105.72562455362441,1
488.2997995446674,138.29108651494408,1
318.55467891709,91.18583235651471,1
65.69137935668682,403.17898297637566,1
309.47632464034126,24.049221995782034,1
489.5215367877743,484.9381230498177,1
408.86842405437983,491.48542942349275,1
278.76890579677286,12.194204792495213,1
196.7863007843499,133.0521201043594,1
359.78819338445265,345.31702388338215,1
232.34538105150787,54.01863125457345,1
485.87433444964955,176.97231377313682,1
280.44008556593377,184.15399642832995,1
99.57996131282631,230.7350544197035,1
380.90911194136174,328.88250291455773,1
40.45329243148366,197.92903530894392,1
395.9348949533333,343.42077013552654,1
445.1596184437185,405.9434607255784,1
174.74531216524335,32.97134713245214,1
195.9640991792641,453.1133000916973,1
430.18479913687804,403.2585908563559,1
289.2870580633058,375.835735410263,1
105.43962428780316,115.65384822122229,1
133.49506646825193,152.93171221037642,1
341.13891225760085,319.84753043594446,1
160.2619279755313,20.346547878308854,1
80.2079974301074,484.48685527431513,1
474.7235986520574,126.12046471159687,1
102.2247012266164,262.40888859012057,1
394.2591011942953,141.14513711186862,1
47.622290309679464,292.05948995626767,1
104.0568784559817,275.5586005440586,1
25.67198274282646,53.716885715643514,1
301.9831630868739,35.06144048545872,1
496.5438788427453,452.516305657187,1
329.29756788390796,324.7277956361087,1
458.92834729367655,128.42680751770354,1
463.24271821055197,466.6690612631905,1
498.8988097034918,367.93207405907566,1
255.870008404297,389.0829322462745,1
333.9936615102451,414.1587410710879,1
444.1292510913622,473.3431668672683,1
310.3449229946548,7.474563703771366,1
31.52667544630853,388.1239697265106,1
47.87646558594741,97.1321049955481,1
474.4851274216656,354.0733378522117,1
399.4021082748938,65.43298700934389,1
438.88116536259844,302.33796199800634,1
451.55079320786854,221.44786560343965,1
287.0653334992304,492.02427906897753,1
430.98940613887936,493.2920255870494,1
495.74870781648167,4.523977325964893,1
24.284346476674635,103.29152399809703,1
219.93390060708273,474.5436995845563,1
170.67091860679045,277.3758315460163,1
33.95934031293456,184.41307480034328,1
203.93916988857612,117.73260366389843,1
40.47157839056084,82.64393569341263,1
395.76010596820106,264.1987925301887,1
48.62968183863875,227.32176397009732,1
107.02345472998631,274.1686479174624,1
374.90879626049275,52.87982450931753,1
124.38900511714255,403.36443969221443,1
373.02987026202584,161.79051703275474,1
460.7560642455166,196.20216795058064,1
88.10474628887262,358.1360837875326,1
75.19778118122423,479.67435130781723,1
112.78542964235511,119.93343351042375,1
439.01218225231906,106.2001081642631,1
189.8454838289645,79.88579890525989,1
225.05323027775052,354.8944832534478,1
448.463426225409,408.3151842750195,1
14.874089693731815,285.0568922904781,1
332.7862103454323,24.391758689672827,1
39.543266667156125,322.52939890369953,1
93.19494085037968,490.25074714896533,1
111.223149905087,102.90661097644858,1
101.65965751916174,388.56902885815236,1
336.7496415368937,49.81539055187801,1
454.5412023539427,135.96866518862464,1
293.10383714956635,354.67533279307463,1
170.9095899792319,131.90667496796863,1
21.714556456265715,48.8150614662207,1
365.432091602753,234.2034908215055,1
386.06112782855786,382.1910853479151,1
174.27399678028652,113.43099542436585,1
43.81761912407735,466.79563474929216,1
180.27815544112832,492.92285925408794,1
384.64491655820586,290.5083411597326,1
89.29741252122191,205.49872138034164,1
208.94948155797837,102.54134024137551,1
109.59328136850374,465.09338374972305,1
352.3463292991167,49.220725450346606,1
364.0382043131784,456.49649294228595,1
188.14818444664485,134.305607930407,1
462.40707967990147,368.7100924523519,1
507.1269101587453,232.93030934331637,1
423.27457389064466,257.7903682747493,1
55.6294372148989,486.41854508493327,1
15.607212188246104,459.20962576491223,1
138.57972983715803,327.8321768092565,1
199.38444711803677,375.6722917818147,1
369.3359832889494,328.5712332017806,1
153.29268617046424,390.3489345950841,1
433.9761963498707,435.1170132893875,1
507.33562474225033,201.03116835120625,1
395.83634332304496,303.9097274165614,1
104.82333542129713,212.76288373585032,1
278.4814969654322,380.822728737521,1
255.29588850223914,422.5972255387244,1
95.94189984794538,336.62926225863714,1
378.33521393544396,141.2341127226377,1
399.4994917600366,32.102801112081295,1
50.13728576820909,440.7286195206941,1
337.31013513452706,240.0894812567505,1
297.922770648958,110.6087719233712,1
447.95978760984127,54.82487457194526,1
107.14379256203455,35.45854812040716,1
169.68085942652422,274.6487440069626,1
175.97983814193796,17.136022385579793,1
189.64623169785202,460.24687636648315,1
119.55628161611645,474.65452917155903,1
474.3214445688744,67.9608224302371,1
507.32449528570083,150.9757025571913,1
98.1372067858,51.00137650077926,1
362.38812268172,13.67005883707526,1
147.14757119617795,350.5203170718096,1
139.72689440684647,248.49196039145602,1
249.27854095418496,174.20541854162468,1
491.0432939542268,213.98303377846213,1
193.06766425813265,393.1492967431824,1
426.237637618396,237.6789234204631,1
386.80981226334507,129.57877512654375,1
98.01619033676415,475.70525834757154,1
228.85478233706934,407.50976148780103,1
490.4797135613809,346.5902106529569,1
347.47659897793255,16.188081787478666,1
191.64083677716482,496.463178251917,1
125.15865067200006,192.32230255476804,1
265.37817952233337,387.85133768661666,1
108.5548104610738,75.46147789933684,1
278.03054457671317,484.60828826972534,1
432.3166028355245,192.33503412092512,1
112.32515476494133,137.35168605921325,1
88.16232411855965,491.3619912922499,1
282.61025620061355,481.38730536542414,1
427.4686552787433,363.11220879164443,1
335.56869405420446,121.40599129992512,1
408.3874465384618,82.99724098284366,1
63.491156352555564,385.9680310225366,1
369.532209147368,61.438670709592884,1
128.01829918828167,79.35561068826462,1
396.0912844712306,285.83143364959056,1
367.0780442826896,374.6665876187349,1
488.98206423315423,94.4902887154471,1
127.7686075701147,299.6799222202969,1
71.23449060477184,283.5406698183356,1
335.34145845363014,480.24722428560426,1
92.21025517014796,143.0303095036653,1
92.83978131222412,384.77183804848084,1
415.53515678450987,148.8723317085732,1
480.803682834849,152.07201159009765,1
85.6254156754204,43.33475530100645,1
358.8706071044518,475.4382853277606,1
508.23876480747737,437.2199524712412,1
136.50247732277498,61.063593950768336,1
186.7630681626054,393.9198503998447,1
499.3589359046646,431.462624542173,1
157.90322798707692,480.1017351843757,1
298.0586126943895,398.6392926907917,1
271.4680100805743,57.096859915320806,1
69.41257219120712,419.7761617232643,1
273.2652868919,76.76734551494326,1
266.4306799168042,125.34459693914101,1
261.7220288350175,121.82749931972899,1
103.02859437994998,386.74671482107317,1
45.89644841192945,162.12198128680848,1
436.50937079446675,239.29848194769534,1
269.45950138490196,398.4321763317633,1
70.08008648263991,505.07421127474964,1
506.6441543644696,403.4674836569985,1
385.06941092461744,217.59373755783946,1
264.300128909316,156.53455267781573,1
507.13562477192164,336.54421756006064,1
283.05064695143784,503.963354554359,1
315.5978472512326,475.68993336440366,1
393.1244412302814,501.70485880515673,1
107.73254727747738,249.60090852601206,1
146.97286571605807,147.15556389707814,1
363.87377313069413,168.66330624922506,1
267.1862625009293,483.2842990334525,1
472.8954667134778,264.8529235360534,1
191.91474338721235,109.63732123107809,1
51.18095124454887,429.98753420555386,1
415.2338793328917,299.6123355208507,1
335.7263825574425,454.65976260073666,1
31.05784844764043,406.46622814065597,1
54.411978489063394,159.52187570413594,1
323.0745464534476,183.95462595939478,1
487.1305607705501,2.821177470747898,1
80.07022884920436,465.0473893059488,1
268.65599966363555,409.4160193047715,1
117.27233331022322,320.7172708573428,1
397.51481125698496,97.11451423381408,1
438.5583008956982,233.16143721293247,1
371.36669813278627,483.47150216469106,1
281.51549497090815,360.54497000113196,1
200.37469686414283,390.8109663481868,1
351.93002388519835,299.447002108603,1
111.38145839905147,254.68335051256872,1
449.3846455004504,123.77144184112262,1
16.979153926397963,155.68612172704053,1
374.78810370751467,149.14383024988877,1
115.12953842674102,82.90323696536194,1
363.7453265314433,12.521465243031685,1
398.2614234000139,220.55712530167216,1
355.47180590187605,303.61037165664186,1
109.56122149321796,159.4242416619718,1
61.77517140133133,353.23567171398065,1
246.10523061724027,69.80558746846992,1
18.34265309734269,353.556420892921,1
303.6641516056004,386.06478093624924,1
241.6301640313656,472.5773422525219,1
481.79928510636535,47.27824833842595,1
374.4531535649705,255.73615321526574,1
121.7288819958989,46.32317722200514,1
45.9781596846656,450.3932434831697,1
421.19654214700296,334.25195472203916,1
277.95313088401474,426.77021169260104,1
284.91495925442644,106.7254940055031,1
67.8000772678289,394.8093384501682,1
92.83301372686721,281.647676892256,1
403.44197910507796,397.90203954231424,1
488.0786154552066,484.85758679813443,1
165.595534315247,479.0134476315839,1
470.6807740511272,435.7867157170492,1
439.7668748491507,92.04141333077689,1
251.61142569925227,158.12411615229803,1
53.97367714426533,397.3971897627424,1
152.5057345654565,283.5440836263648,1
269.93662711743116,389.2912901470742,1
501.89242175816423,393.1199337343502,1
83.93827249066744,196.7084846919879,1
303.88613052572566,174.17183820067322,1
251.55883485178327,55.53690062631358,1
492.5320132118841,151.9297858559587,1
425.695520592745,201.55606656168027,1
95.64278169389056,250.98266405067517,1
344.9004152927579,474.9709439354498,1
109.84880285132142,335.67357142273954,1
262.35251175681225,114.83073663175776,1
502.8392896846914,43.914766482388416,1
218.84755332638863,479.461982387598,1
29.72215211935602,77.6597550653093,1
152.65750736057564,279.0162775923608,1
318.92236169591945,401.26996652063184,1
396.7412859164347,359.1294086796249,1
18.63114345923235,141.37433509449818,1
9.399079451797688,237.11795294147373,1
162.12841294584467,493.44584898186247,1
113.77474812855132,350.9485568899762,1
389.5440249155817,121.5323181115819,1
247.95099884991188,76.20130284069353,1
325.6349901492543,135.8941709343615,1
279.4256650288669,380.38562231787057,1
142.1711585121162,434.2265767516158,1
400.47264365836196,120.32367574443794,1
146.02153607813784,340.25714801560173,1
161.57623462574864,221.4877427988701,1
338.60997775121007,416.4033694112091,1
384.79422408216857,207.2891128065636,1
328.2194888949694,344.7320312906749,1
297.8014363754588,194.029671390303,1
15.359172322071545,333.5711962975939,1
437.30756694933024,58.98577543398409,1
119.67995083292539,134.56818124003945,1
41.932345046437,445.92991842286284,1
160.79899311575662,71.19839945396296,1
362.72971636918703,137.9813635952974,1
329.48589149335163,124.69049891402022,1
363.9748056245453,417.0443654622288,1
148.69724376962378,253.27941738338467,1
115.69869103150049,329.9579838191697,1
393.47929473035845,276.26167757339664,1
482.8002952264726,165.70471323464125,1
442.2144814789091,487.4187218399154,1
26.731253044224836,102.0228109860044,1
277.2105248702089,95.3630992036907,1
344.02706345929437,374.8712787861706,1
87.81300835690344,211.90504057352683,1
228.42155653199603,381.14524454217195,1
429.53328752091795,321.14699759629195,1
26.656877444681438,24.060599967529242,1
310.75077574532327,82.31270764045024,1
37.138676920459716,170.0069888351842,1
365.12101402750926,230.67505471810824,1
82.24352115643421,263.8699946143857,1
190.10143135065013,433.4076573568463,1
135.09985169394525,11.659252343885669,1
422.5056974074735,258.3958780657376,1
466.3975244401755,409.8650292832374,1
115.71523326118583,84.00433425640915,1
12.232938492447191,40.30177586900521,1
68.11305049881743,416.50850179921713,1
349.1676373765809,137.28323503467954,1
49.56811352018371,430.8094568644187,1
80.31033239412938,274.6592707743571,1
234.9026932229444,15.03210123251381,1
363.1465159206903,262.1941858637268,1
343.99866573613565,125.60032060528567,1
353.7441289783809,115.06601653191484,1
387.30877872410554,92.57540703043975,1
20.283799955994823,193.44534215781897,1
361.99545326958344,149.16322315240723,1
146.16642990610023,283.3013206440081,1
196.5783833590085,13.827977441857229,1
33.3295565896688,271.86193318843925,1
237.92284617997953,437.96636094829563,1
421.03678992264315,422.1573625600018,1
494.06768767514137,99.51816519508384,1
376.12377462604735,471.80863212747016,1
246.55013210931565,457.6168663653063,1
468.8862099595977,82.48974406713802,1
80.85824141136902,467.7035504528684,1
273.70202214530616,98.76907724132633,1
352.02705558078327,369.42423028934127,1
504.8746005431722,154.8719952726217,1
248.47421031721927,437.5012224810388,1
342.05069210442093,50.90144568032423,1
347.99633333284487,328.7901283127096,1
497.3996080155586,459.5026140889995,1
151.1893634082419,72.30226314502681,1
163.9007240821355,289.4670657546341,1
124.54576893651375,396.4068834628472,1
41.00120599788136,488.3960401366972,1
190.39625193343306,108.85954691872229,1
40.36434031096806,158.3584749904801,1
117.72342786399125,309.5112817713384,1
502.2284555009822,98.51991536459053,1
36.556698951559646,351.97698950942606,1
323.1542336179634,370.04999257897316,1
64.99259119139259,245.17991250954452,1
366.8878428770373,119.6821672444608,1
149.04151806310892,206.05770135103882,1
231.82332475017566,69.74679965788891,1
71.9675673101145,384.2001078920796,1
169.96883525401256,320.58462188990177,1
13.193474735499946,396.64964326826924,1
346.46078893514004,498.0834079880386,1
188.46653811483534,177.3073123256138,1
438.5285895255523,54.66675382265373,1
258.8245729540029,360.3464185254332,1
389.38958832379427,96.39982830820543,1
125.96190662549208,300.74865076952847,1
507.8498524830145,21.96265005421708,1
297.87629549792007,87.53714658231644,1
222.4010557228455,481.07779227400806,1
56.17609172575118,406.49260185947645,1
182.3371286951504,50.564897530164785,1
415.14528141491945,379.099239474986,1
81.86640457025781,185.5307438081348,1
67.36599985657071,151.2891552876477,1
117.72663006906512,28.127822316247318,1
388.8149095696309,258.4413989868884,1
26.462250743421723,433.89840974091464,1
190.05023188863444,9.133162990830442,1
369.57734261200943,267.7954444900471,1
32.818792699945575,436.8406561536193,1
396.42432831981307,426.90929930316133,1
209.35211752946637,176.4360438697267,1
26.032630099975083,245.36202407227086,1
291.02783365081854,492.14684527609677,1
346.41391369609204,400.9466052964249,1
29.41949989020419,421.0818624069657,1
362.5417162758469,78.35054617744578,1
310.6715482473862,189.6006344939144,1
51.17739831779437,290.0896842436161,1
439.7541427868816,295.9547372281382,1
145.0491302307607,301.72107440350896,1
443.64680894485514,155.36683054164126,1
224.66596216598862,438.46479945775167,1
380.80592036405034,154.61951743484263,1
70.0279986114224,29.41936196059845,1
274.923282099937,180.82698897330664,1
25.9632425154623,242.17043434490608,1
150.50432248527775,21.884904303202916,1
25.10474547848516,225.47557101023375,1
125.87932507643161,465.7867704523868,1
341.4684114222298,296.9087787164543,1
404.26231851170934,80.43411842815198,1
361.3574584733566,68.67299128464373,1
506.9482995903807,255.71397191505207,1
358.5811428039315,339.744812065786,1
482.6850847724568,206.5431888021817,1
162.67265766446863,162.81142328049555,1
178.1091091046593,30.13649111789698,1
492.0127268949264,17.53671137608569,1
140.95510532010033,132.0823616189071,1
441.11164344695726,378.67860812952654,1
355.28351713375275,103.61252796614161,1
111.06471721500938,78.42222440722094,1
474.8258657915008,393.22160018826844,1
107.5725857528293,215.61221657137935,1
418.19071643275686,86.412265288213,1
471.7701206833928,77.33930943851487,1
440.3785860585378,46.429581529237566,1
36.082844545531295,484.6724597637632,1
426.0894979435815,222.6192151681298,1
263.247069548048,72.3238347150409,1
374.2778116770534,472.24782300056205,1
380.11714237859195,326.4374127003858,1
410.10679095535977,18.42320349195336,1
409.30684803829536,146.3924170534856,1
228.91986066806294,83.4549564162341,1
333.7619789668789,56.35471906517142,1
126.33570704205121,305.6247356182495,1
347.5116842053871,301.63191377763735,1
422.910104522896,449.45918629430554,1
454.37008362303203,216.91559784312312,1
232.02433456371858,427.16770035671664,1
105.60635629233992,408.6222038080979,1
442.02747854613654,104.16777066601276,1
83.60098672237321,123.60524020264091,1
137.67827481700124,322.8802868862564,1
363.1105080336353,145.4123914405218,1
464.4466485885439,224.24777069300524,1
337.59380655907376,491.6529506705584,1
491.51075878428367,381.2695232989654,1
386.95374790335626,484.8477195942393,1
344.93048296097805,217.97975057648375,1
35.46562089005549,266.58648754382637,1
487.9439796650564,225.8703990506272,1
476.3979905809615,387.2777322742436,1
411.4974704205828,463.4378648531972,1
132.26551859477783,55.61822571427649,1
137.37415183098182,447.5297850347465,1
160.4211049221291,53.65178540732995,1
129.1034632577441,210.8249526048936,1
192.1684014677777,59.277027842362656,1
28.903924876894838,353.4532088649654,1
364.93460782609304,163.363309283921,1
340.8967491176532,2.338033396794401,1
175.10381699746117,125.19425946251607,1
490.48230830991355,299.305642356716,1
506.499932003142,266.79430873033465,1
400.64603259338577,155.2151180224443,1
241.6173612038201,372.27962559753394,1
107.0525833442176,92.32520171293908,1
83.52432794274496,292.7106709858317,1
55.09918584805166,370.8242761079175,1
448.90974076443706,80.00974245984878,1
111.62879222515309,457.9109198521845,1
108.00933002056088,225.34249629024526,1
470.7531365006154,249.02356258183028,1
178.12969756729782,437.94869849970166,1
48.203304242172834,490.778380802562,1
400.19181756415054,329.74324449567746,1
67.81210455668996,63.885832172772155,1
441.1355780985606,209.0942654188609,1
47.13764001284485,1.7770428908817735,1
405.1673685333206,14.021496827200735,1
80.43903371416825,461.46288955268017,1
338.335893771728,47.03891301944333,1
86.53589750033191,493.61644680566576,1
339.80588745599823,105.77171715379791,1
293.074996673158,191.52018412654508,1
120.25923000240755,240.16834180037444,1
455.2048983633509,320.20863481479375,1
171.6981296649285,390.0180061798242,1
361.22824119667337,125.12614180202246,1
491.2707379736539,171.70571531509398,1
97.46025125903331,165.4142595218848,1
497.5734456571776,205.87191826575082,1
143.14434105540735,447.3521672325545,1
366.92650989150263,2.529480122941436,1
435.9254493623474,444.5800098600205,1
402.20557144840785,169.15422571278833,1
357.97445243212985,16.695513600053232,1
316.138244235202,381.6013619557096,1
432.0211989374419,260.786031917689,1
66.76535874614532,458.83505425988034,1
21.246911408425827,394.44653600744823,1
412.49936968670124,53.704871655062334,1
128.6913890578914,21.39644054209873,1
415.1532545468843,241.93224246845807,1
148.83627941750365,366.979575463721,1
186.41887646125215,209.61959104517143,1
32.20405773105385,345.19185401327115,1
77.1264776125067,48.888659772627875,1
456.1339551151476,312.5829466554322,1
494.4742808909223,40.666320822125726,1
59.67997088480825,318.68729699267885,1
480.6079177728575,445.87966097549406,1
279.431615925014,2.535888975451769,1
57.03743473695047,123.80636081183786,1
352.19185667936915,10.968101534939251,1
389.45938368969456,31.53294097379427,1
293.673497624444,173.53641408571946,1
146.51161495202675,419.2817110543705,1
166.39866698062528,397.29812593498974,1
62.522516542407956,74.3909113407314,1
102.41075258256559,439.03145417348594,1
231.06136586122682,142.91149134397284,1
448.17540476821574,168.02275672942295,1
507.37941968604423,179.40604785279726,1
375.25221505809236,77.84998371554883,1
358.705009757364,7.722406537892027,1
83.45227208256193,21.47678201869445,1
84.69084000037445,289.39768839575675,1
440.28828544610843,249.49368478760033,1
496.2371615147768,210.98172720575826,1
367.76567033286085,30.420194885756473,1
140.5142407161856,40.39091572656912,1
460.42110920726344,403.25931400521273,1
478.62872552783523,227.77895112607217,1
185.49951474218818,390.9934168880301,1
34.98068979908545,163.86310445722984,1
505.83248317327093,77.51547837775638,1
16.77624498711078,446.61044075163863,1
4.442312233154809,23.7789679589892,1
407.40306797996095,31.948551119931835,1
295.4828841575999,359.40486077749415,1
395.16464546143305,68.4597833123546,1
25.66370485540677,503.97434940152965,1
441.1747293616642,117.02045134188376,1
40.43184974613517,53.627699799407935,1
189.4544867312132,427.35841360292227,1
139.76670210791693,254.7185020827249,1
192.04446961558355,177.56551932703542,1
470.45833529791145,210.25026021933303,1
68.05361171708918,149.8066555413231,1
286.4315905655411,82.16460357103779,1
111.21008233827375,135.10022088924603,1
289.9217784856652,460.6793690554038,1
74.46252800733059,49.650651964874044,1
371.7995838093389,392.94730191470376,1
208.7107637541537,178.09843941372839,1
155.91819617252094,112.21468491548063,1
142.63418749914777,210.44003708926573,1
385.4680124214476,327.04500477109275,1
451.40259025850764,332.82029390656976,1
505.90178123992035,408.9513778567915,1
471.4036313491413,365.3224478916982,1
371.9737239414408,300.8002981281002,1
323.205217329165,204.4449285591101,1
113.75909123571233,399.12044788637553,1
181.92718032983763,321.34778822856566,1
97.1914214959557,71.53599176571242,1
63.85215472159537,414.41244846859104,1
437.0444622934916,107.37969982167073,1
372.9793486787008,470.8694081075623,1
262.39428034919507,105.12740913603102,1
246.31797332735107,137.2094747107999,1
373.42382976668694,54.6309290581537,1
427.02835909779895,111.8050373174317,1
235.97860842804428,135.2128248479409,1
232.04911391592324,495.6288248267465,1
75.54633218830027,182.52211358177857,1
27.317229968627743,217.63593702172966,1
253.90071119313646,495.59700016638743,1
432.6833630906736,41.22847527713435,1
187.6920139741214,86.96690198839042,1
236.95670980466716,93.7138646630167,1
501.43175503784937,131.66340755058798,1
125.2249943471236,409.1060624327855,1
418.81122169221027,237.55471026072826,1
124.1229766482045,345.92473941348896,1
127.9609283136672,204.24483009935562,1
133.8736810590013,142.81162738577052,1
207.83615311696678,9.542179337115385,1
339.25044339978245,379.6084089479169,1
89.12485602107108,126.48257905868735,1
263.99923349514273,94.27403855090608,1
265.3745848645599,58.57078820564169,1
428.97554508242365,18.108465207124937,1
111.82543251701588,373.91875284384173,1
142.74386263419711,204.9238507769004,1
216.45947887988737,438.7268438472673,1
280.4594774094151,356.7077615621138,1
363.7130337837555,352.5595933822651,1
255.3814074947416,61.76456865323007,1
87.43761334501926,297.9418584355734,1
260.82016836727917,470.3267863539963,1
464.0760951217122,422.0352639534916,1
194.01630760745817,427.9989260182492,1
39.954738780863664,341.2472982768006,1
45.255689180918225,77.71178144599077,1
482.10728828342866,387.38707985822293,1
47.26745970781152,504.9180938870523,1
310.7134045127776,399.330276200271,1
119.63952444590278,459.20227965038316,1
12.634792487666584,175.35534619984207,1
315.51257741106235,336.57155329011977,1
364.04041136643133,67.16050557412984,1
72.8517453887066,401.0501844185238,1
83.08966494963423,314.95026427487494,1
196.12883228672823,168.8314818839964,1
146.74907497501485,136.95532076911763,1
323.59327070819626,406.30811178434703,1
408.32123905763706,220.25591075120536,1
479.48951056760694,311.6251966584358,1
108.75091253759467,458.6918317747291,1
367.1166327454252,296.5618049470504,1
122.8809669306429,491.3639875926938,1
7.923474886019795,160.19281627277383,1
488.14547734947644,387.6335380247539,1
456.7228827099462,138.71020099960919,1
258.3359697590261,163.95512987059567,1
411.9182993490374,446.722381323454,1
502.861189129008,396.69209394454566,1
146.1123550401089,37.64942754990045,1
14.7732520865935,156.76070873655408,1
498.7557707989348,75.82440272203559,1
321.3553725704553,471.27272705329995,1
502.68767443559705,224.04958528427733,1
305.3635093059497,66.8160807935397,1
129.26282550244832,477.5462051208948,1
78.91534303089053,418.90139335917604,1
261.9015279289727,450.7917139652025,1
484.287976870597,107.74536130656452,1
177.77450420755346,139.28448101522008,1
473.9512254295722,345.25300396638954,1
231.57515772124069,79.1123189041478,1
346.1782430512797,154.48346602112292,1
362.5389125407308,165.60964377934306,1
362.78081884833125,116.07051701425405,1
390.26905255698057,452.9413894555731,1
508.0891505359999,458.2812556018577,1
225.4199574651635,147.01092260293922,1
392.1884656705692,31.52606380982826,1
100.2086514685746,237.89433472602303,1
435.9487319623237,198.22171483728306,1
179.71957819392853,223.077473575919,1
137.04102860382494,186.65232653523776,1
356.89889583874,242.37321531034485,1
227.85930905535903,465.49705292677254,1
454.6201958015226,174.04973345718457,1
6.569618662625681,8.621867803532894,1
132.90590731828493,490.2836042190423,1
24.658132056321598,470.6055484598294,1
14.91616570040665,412.1886434723798,1
467.88606724999596,20.851356914853625,1
395.3272701445262,132.7926304586531,1
64.9826095221334,112.3304626815272,1
82.17943891476439,500.7548861342714,1
475.49012892639433,255.63603532693895,1
507.3259773875917,130.39919909316313,1
106.02834707365443,217.6505605424834,1
381.1777400379552,268.4452683365044,1
92.71510656369006,34.645912233664035,1
33.543937388568466,43.308514547401614,1
486.37329887546326,107.60175982340377,1
141.87036153998375,92.55825774554916,1
227.91393981347815,16.843563551578256,1
474.8513974572581,209.9314346773433,1
366.0784850167846,464.6121351448881,1
434.31285356833865,442.512820229174,1
444.0725942838921,393.9637306527202,1
354.0122729972973,178.7453955021092,1
208.9182160485631,9.301426469258104,1
467.4076294918,469.9955764308844,1
363.68172189933705,435.562541915118,1
506.56571942646525,320.8829895808285,1
212.52734613248202,43.81834840189089,1
88.63346167349572,203.65322859237472,1
420.70043250941603,319.6758752354204,1
91.91985491690582,407.75207691558165,1
168.04444890416076,267.1457222248298,1
398.7925512505132,78.21717519621586,1
129.65848145523273,45.489709553701914,1
205.08618645131034,169.75569298872915,1
201.51848030574453,351.5654595506561,1
442.66913398432746,349.5160069732044,1
115.95549354999463,35.29556746804985,1
404.31041073211344,378.01097775973324,1
502.24481886898013,429.9876372754573,1
390.3901706424932,165.4865297303773,1
350.54379023633084,398.03632811274593,1
254.45278217017554,471.91422436942946,1
137.1714556674115,428.6901162310192,1
126.51501269169282,500.0099412286092,1
369.09592326488735,441.6461572306561,1
420.08884582352164,119.37301268425989,1
393.6310458767809,501.8922228136734,1
196.76761997168637,116.67645220860868,1
78.71820455392306,307.4250615020078,1
241.83275151426162,112.42450213990048,1
364.76161575871015,296.43590152397724,1
507.665491055313,339.1297526900903,1
7.793878256877638,58.84827797264097,1
340.80533204703886,142.88524094001502,1
125.17001904554533,369.8465975969333,1
149.22636432314633,6.895047896160918,1
30.75588626581118,112.7610587035607,1
84.20686251899205,229.94380727418002,1
470.6981477632707,95.94515779833841,1
46.78922028961726,444.2459871315796,1
202.29341537570758,477.78719669527845,1
7.1639769318503665,433.28374396904064,1
222.58507274157174,150.61596668533593,1
486.22778891390885,254.017158048848,1
164.79085573865606,86.39844449627844,1
326.03244716276555,219.88002820266348,1
172.83799836305747,308.76915098997813,1
239.27236752470182,9.550170613344733,1
373.0783589752847,409.017085387571,1
463.6606505859607,355.09692830999904,1
264.14987803283776,456.47591246959706,1
12.096293057864248,480.54996511144117,1
476.8581310217617,115.90878442995694,1
106.92344470962028,175.57747625933786,1
344.17783891231596,109.42884088568036,1
235.6969333017835,113.04761861345952,1
338.464169224524,176.92149786394447,1
488.7896260798253,178.30605981884372,1
214.74790191180026,420.35599113359655,1
24.35139101164096,86.25961732190103,1
336.2096852984739,53.08702810501154,1
481.32053538071307,467.40729577168935,1
22.03869470464005,330.23061548943986,1
426.3478862757062,356.9117886833282,1
356.8595933065997,165.8501123922067,1
53.50800608953946,106.72705114883757,1
139.92087054287975,494.59896940597076,1
147.8731723708847,489.74398589421367,1
430.5115531328696,333.4592929049897,1
7.842156096560057,125.10546326336083,1
410.189747614681,154.24849248221858,1
378.5372175478177,308.29869815263226,1
262.6589286130456,440.62351829014335,1
101.45529725629726,467.59294296414043,1
438.55409447385074,481.30225935852656,1
86.83896318262944,455.56241197026924,1
239.4110856519781,150.8376257142179,1
501.81722173429534,334.266892438381,1
62.13278692868112,418.34224470551817,1
324.5756882584765,395.3070357646125,1
129.99102585109318,442.4720104289725,1
486.6469249726761,44.40141428060747,1
425.06738482232885,454.6649526084948,1
309.33755494356217,430.7870830269066,1
92.58916271919873,408.0167965041648,1
194.5811097123391,498.9619386044053,1
241.65878164404685,182.8239309860221,1
299.74787571537706,474.8924171250415,1
86.99108382484755,228.45068656985995,1
468.23276975071786,181.01338786673023,1
120.08973895965518,7.953039816332591,1
94.09991906513905,481.5324362822874,1
149.42630677827722,353.98279260445725,1
438.31234373939566,410.7621503393922,1
207.6690678480082,445.08223976635395,1
406.5422436702954,117.16463258755391,1
138.21086710840152,380.8156113106858,1
152.2446072449777,464.50347338936666,1
397.16608073511503,352.2689859285641,1
357.58129245812415,8.959520724307936,1
337.64655798439054,491.2868578186212,1
268.4846549588725,157.3990069644932,1
426.8760201587821,45.97094395986909,1
151.64867980753866,285.72763351302274,1
494.771412922567,65.32680049089669,1
83.39206065465802,432.2503201143097,1
192.6920246059262,114.6306999898166,1
144.4622570020162,154.45177273604594,1
97.76714638222509,77.41416012549615,1
163.4109602555044,358.08495022107013,1
127.41509487846456,9.722474237320796,1
139.53249117418946,450.3532666791653,1
484.2670943866282,485.19488505274006,1
460.9721766111806,22.532691390622688,1
156.96058357957034,257.06065331992295,1
148.58833929820992,409.38428242142345,1
359.9734024952086,449.0552532971576,1
443.6604148698956,499.5362696429851,1
284.40377443155586,79.5993741837566,1
186.37505988842952,467.51887748381773,1
480.6023354463122,289.09423636201245,1
170.02646994232586,436.55109523100754,1
119.49581375022629,450.28494405535713,1
440.1535554153031,281.55227518987124,1
25.25117338552132,478.88868926575816,1
462.29254530053225,419.92512803282705,1
428.2454289913402,331.46719676306685,1
85.00656956126026,171.65907558058728,1
393.7632573501974,105.6098879534843,1
487.07470197107136,500.7566732175464,1
338.22429128790577,325.6730204165176,1
458.47113640154214,157.021318558664,1
16.347024793442024,504.8927087229005,1
421.17453793745824,259.5544350754918,1
84.18182968945503,472.0211786956327,1
331.4604245991594,373.7733679093887,1
44.505478183728435,60.89481842330389,1
118.76348448297212,159.28213557739747,1
78.85203494907296,363.4783938043994,1
89.66424049438893,350.41476358851673,1
26.40667722193148,184.71219743873047,1
331.23282965714435,118.21422361968655,1
185.83985799663554,421.1357466393905,1
167.61794422621512,370.8830581516346,1
148.88861230690733,157.24143026560887,1
378.3736328249822,395.21226974169366,1
347.72203517820236,465.14571635944856,1
52.98379754273547,17.04368847247133,1
106.71918249041977,51.72816468195515,1
379.9412122711558,116.47069338516201,1
138.9388614072045,500.81155757293806,1
326.8247202671701,324.4558659183009,1
362.7840169436619,432.6605363497646,1
278.77968893555186,164.55697768592705,1
105.92907995874575,475.90507321945677,1
254.21479555955597,364.99632016634575,1
122.24979764303312,159.29374242286252,1
271.0254655778551,455.806115251752,1
455.3783473245403,124.6988366660263,1
208.49495824372596,41.155885943046314,1
44.34150365619409,99.25993720494506,1
372.48980586217914,386.1104275569891,1
20.1746820351798,366.3891118707314,1
189.10588018292512,392.0396481248144,1
285.7839140073128,150.7637467490212,1
274.01990621068404,413.1220915717513,1
120.6020406236313,230.3822110424868,1
282.5838690000103,3.0368308752107964,1
294.6031602569387,104.88717973704075,1
260.8046419339483,66.12886819382396,1
296.52055087940676,96.25911730174823,1
432.8975354313897,418.45590365881094,1
89.85253708719887,34.39428885910144,1
414.1722753519111,246.597287222254,1
134.80129622520818,438.0793486795697,1
428.76318076654627,92.9305156451208,1
39.69817536455379,298.7288470176019,1
94.1017516966411,7.145927986889205,1
272.87319670529246,158.20229842759238,1
347.90246522069435,485.8803121579453,1
172.0238392294129,163.57442288733085,1
170.5943866825783,113.76239656748282,1
440.4279678092374,192.3304244828625,1
40.72989654474409,492.53607009434666,1
115.0359978497503,312.2425448019171,1
58.836895669758,87.0176852850488,1
178.67207919947566,116.5470050119049,1
290.10120990565446,407.5223160023604,1
56.698194034559734,320.62315942199467,1
128.26012733561865,29.830881410275595,1
459.87292445370883,492.56901096721174,1
110.74979273570393,489.37630341384454,1
338.36724843539946,430.8956206333689,1
205.850811602448,18.906317288591936,1
57.73732856837701,82.31253194646882,1
11.222249732721579,202.98016339128714,1
445.16615712785125,312.5559366294939,1
115.34788955248075,237.12487539308165,1
144.59273377251972,267.5369516480952,1
118.08743568590224,471.4064714738959,1
28.906092083373945,230.22824506172077,1
259.913966196428,438.3440611075897,1
233.15481027824737,431.072339579468,1
13.233352811564583,318.5331895319473,1
227.331105128323,468.72309889103957,1
396.598304615273,224.74819546046746,1
210.2934348934746,499.2197831145542,1
325.5876686194011,454.3345567451718,1
361.91682044813257,464.5150010470766,1
389.6574898645717,363.19645027549865,1
175.98449725737825,442.2293083545045,1
426.6903027277172,190.71114452659833,1
309.55697597370676,419.26031726075524,1
259.94206603164486,447.4179902829329,1
332.4919002780691,215.79937373073523,1
105.52726763658514,369.3371993301075,1
306.66850068228797,105.18832375067137,1
374.45330106664295,468.54291207884927,1
458.9577836377352,334.84514675234686,1
184.55381711904533,59.77146800593249,1
22.765854971330796,503.10472745229583,1
62.40585702139131,32.339077264370474,1
141.25670778380808,395.7728104636152,1
32.31448919636738,447.24780076708623,1
120.00588886007624,241.64124104360718,1
48.49540390645036,297.4372793036515,1
81.19262665789329,122.64166924236787,1
21.127176073212706,448.2073438172097,1
471.67038765831643,420.06524431913044,1
497.49214011596325,121.76254899319235,1
47.725382080176864,218.93664462151622,1
57.63098787895498,418.1074121686385,1
503.40838202579033,388.6406201435254,1
139.961941847189,480.6796610241039,1
490.92539615837796,345.20001043334753,1
210.06452852561463,106.32016348152894,1
506.55608336307756,321.19044832187245,1
440.7955373860427,399.1385078318975,1
472.2711492041254,418.6128568761164,1
344.2165700955689,253.1789004478536,1
168.7647497120081,104.91428247677578,1
480.817445010738,366.92299909042424,1
306.3697264600805,365.78692477876325,1
289.4446422481139,440.23915921959025,1
331.95593598668955,473.54186554133986,1
240.28050927639515,405.0232171182336,1
167.3608455974033,210.3025320222306,1
164.83840791874405,348.5470463221027,1
145.17129083964676,375.03708576184647,1
130.92585884551914,389.02136138159966,1
36.36134363022632,411.9706983392628,1
208.6870133914916,381.3579148787319,1
376.9822240638791,35.19332788903711,1
193.1089116430251,159.3391099021353,1
153.44706834773496,69.69504106802054,1
374.3031104423035,444.27232710944526,1
163.93564594971153,160.67520631773658,1
183.3886556005827,123.16485300786502,1
312.297885686222,354.17048300502336,1
48.30961353647274,388.0960575368836,1
358.50644455544455,402.2382728389304,1
152.58650250167167,192.45880382686448,1
162.3036359793526,397.3945551872967,1
345.18194684786147,28.578735789206007,1
151.95050887737347,349.22821134670517,1
241.43184021471313,358.94305129985503,1
86.7855144276092,153.5755083974721,1
369.3291023190791,333.88310405348693,1
14.23526356966217,455.535961989283,1
381.70621886248574,117.93213064878654,1
373.9982835515812,160.10703834827615,1
354.6086298370572,480.30202904457485,1
165.69205771228627,119.33791975409702,1
5.236499660648075,250.19767072469426,1
73.8415273235691,352.77458197283016,1
480.3180381902708,72.92575539040922,1
51.444975728897056,177.49450859122078,1
177.00146940950526,399.91713341139274,1
142.54558737386378,61.868889165115775,1
446.97409700867496,1.96821142190106,1
120.62470792230359,0.5925690997519837,1
323.0784901306186,481.19658550993006,1
451.8934685997222,266.71019274922077,1
335.61592319115,368.97251767852845,1
103.9986753911314,358.9876347801868,1
98.4167566242212,253.6913957240115,1
8.4949008306381,165.97810800408843,1
237.79914233794625,400.2203227813086,1
297.1000652503681,36.79664748938501,1
232.58476998431337,399.09325967314373,1
375.4314725932907,434.40160985927844,1
176.80067827219185,224.80717088651096,1
319.21139198520524,143.6391167690103,1
366.1150069046098,454.788997225293,1
472.6427219938081,213.04373223238719,1
99.8591995363215,439.725397392257,1
350.16639583773826,332.99734635885847,1
119.60807962186747,410.7698586241484,1
158.8236217773825,112.6515910877327,1
200.52750617345097,22.823259296679794,1
408.50654539418844,97.76746633103761,1
218.45081474284626,482.4526935580119,1
362.9658453362305,244.47493589528256,1
490.1678535079414,131.4260626312577,1
365.4422136197218,79.79674506685228,1
473.7672766772206,500.060800903205,1
27.57226759807941,258.38330997782214,1
346.5759915980918,16.461943989963174,1
150.28421932490548,452.30923600943305,1
79.38665062190934,470.65026904753654,1
320.338989061655,335.040429081109,1
411.03975662046213,231.09171942417305,1
53.89368747553234,484.79336125366206,1
405.8208488975547,222.15298946079486,1
134.52576752892685,15.863374310329334,1
273.3272975077319,498.2133747043714,1
298.8066427798705,468.2200050359488,1
308.6802800933973,75.78443433814925,1
395.82582029703264,6.770340404394005,1
40.993449548804236,265.4623257106162,1
102.91549357168769,37.97021910922342,1
52.75092338692565,183.1628770514867,1
132.53112915009123,344.5964590583468,1
473.87966755330797,63.94021108834727,1
269.3829111039247,85.0114171578308,1
418.89690433420316,209.74270318518808,1
229.02968267078796,78.24484196255946,1
431.0047928830166,85.41797803094863,1
26.36143630894896,282.62772658479054,1
341.05022108707846,144.6378609361446,1
465.16703188261033,230.91664350923094,1
435.0329233193885,137.09155770661096,1
209.56413717824407,37.41957607731365,1
484.24298589756296,198.25409435589467,1
163.83930001491387,470.5848402672156,1
487.4207088047025,491.14072509238736,1
44.69033374719948,119.9876876322665,1
478.0971593556082,51.1107104146339,1
378.2595597838644,63.60172190616271,1
352.53848187917197,316.61941975300533,1
59.09521037488783,32.45385645429519,1
173.70040480570515,49.40410037059149,1
265.14619056121836,389.7218653453772,1
465.30159983583604,316.9242024823369,1
499.08208693006895,10.04500066057426,1
104.54540229270462,287.9632855121978,1
145.6351380359561,162.27874884336757,1
150.15900642782805,299.1354152342408,1
350.2854290753702,365.135850193427,1
326.27774464272375,185.62496041951005,1
42.452971247190156,100.11682834027039,1
418.27910239764253,33.82452383780867,1
207.42197698705078,389.84378882027585,1
404.50294584716033,222.37268194728205,1
435.52261079437216,193.92159371972502,1
341.43727248308863,463.2697253476104,1
206.36702606079163,51.57714324008191,1
354.766416887674,367.1989970093589,1
419.54232761919906,31.236567969567147,1
86.82506131333815,479.4787210150393,1
85.3768404938439,231.70168857563215,1
434.1719463716814,365.52524196773425,1
95.64681551461643,62.31406710392139,1
503.4376536533771,400.6134617094125,1
244.52858371536234,183.13868307581407,1
35.22043794744489,201.56382362596753,1
66.81712565027591,356.8495132116602,1
332.30059438989736,488.414251970208,1
232.6629247543547,467.59743241768723,1
391.13652813818817,401.10349752420785,1
448.3171006793923,341.8238325851112,1
77.93967192781865,319.02983694158144,1
102.59274672942368,387.49423813204453,1
251.9295155367245,14.528308959471985,1
225.19495401907963,405.9342063921854,1
138.3048808770599,443.8776919064504,1
427.3588909634786,150.06041333057408,1
474.3900498057734,139.0301863172914,1
207.49318212129674,412.5887494635117,1
451.81110368540305,485.0406661959077,1
443.9496148414409,31.756352230003074,1
308.3514153332025,33.165238365775735,1
376.0157968655204,134.9999717089654,1
288.2831005511023,431.13538695276867,1
136.72630210857284,39.67249600838659,1
15.958900402164499,496.91269384885953,1
396.58456328770114,351.026144042067,1
289.29889561717874,24.08069391341354,1
468.51205477977265,314.3691731832539,1
254.77234222936067,383.1019648548157,1
345.5346655971756,154.03700011379766,1
351.2561792181367,440.42687056455094,1
303.04367952868705,375.0986078450806,1
70.10885247003064,90.76619406905559,1
16.479824961987354,321.21258470339853,1
368.03669576614004,47.75013489520609,1
23.63827728956326,218.71489632363028,1
365.1249595954071,194.54636457774922,1
390.5484245135254,144.27143956246755,1
311.2952794271192,186.34837849590343,1
454.14208916891954,465.6372486399822,1
114.42291232208018,441.46782147674634,1
4.900013356511578,193.97366115714482,1
36.16044267868998,85.89985602694077,1
196.7986723041102,399.0001523803219,1
305.0489726232222,411.1063594194876,1
393.44273876678966,203.47248541665664,1
213.19551337522623,361.486826183587,1
389.075711182819,478.82266342861203,1
6.538912970503594,9.588939688539654,1
182.9093029196978,365.4620302967412,1
166.92699561974172,380.6798585338422,1
494.183746304754,409.4528015713688,1
286.38476463676204,128.79105118870928,1
93.52826509567018,47.254719869484006,1
41.680229064499194,59.89556192842025,1
396.6829270625752,157.66648360528205,1
203.98864235135085,399.56788709900775,1
82.50814270796238,143.49739818171628,1
370.90513229805356,68.29292477674511,1
112.16844056245034,166.64394385543278,1
363.05105210902843,67.6032728203349,1
320.8132612957374,368.94745558574937,1
507.36467503818835,113.56962931325137,1
358.81649710569997,289.7790911618248,1
425.55752482979716,429.3841315360929,1
317.23071982772154,503.4783967607334,1
383.36586378232585,193.8532437969265,1
111.6102131023561,373.17499084642793,1
296.2164295688991,188.01297808377467,1
469.9897480361693,288.15893483908735,1
133.49393549512388,455.00248077847976,1
195.7781229545271,50.69313273956374,1
457.11098130181244,18.933805272166182,1
430.8270528800232,3.953081802497138,1
386.28859377029386,210.04266429930368,1
221.50031532043505,67.69821540417541,1
209.9878543525326,468.37995874989946,1
213.86140214141184,192.18684289976585,1
377.8345432489564,242.35387475332487,1
374.7476690700899,302.0905441991615,1
425.7417546893405,63.439715545426054,1
419.22454412063206,337.0242770216215,1
33.04015314080539,186.83252574461835,1
501.94629088710207,277.79367926316536,1
328.1832330870017,439.5249411217511,1
191.38020518466277,150.3760351690005,1
246.06949154427267,64.21688937910858,1
248.17958409102044,120.14659346674591,1
465.0565313704481,113.65547345477268,1
321.1503229939544,4.034824763363986,1
360.5146681249145,252.23437534558445,1
439.5094964153126,91.16756413218923,1
385.1878495277565,273.1013502185205,1
86.04240116874227,480.6533483844109,1
346.1229258473203,361.82454431546637,1
386.4450773071444,16.17052838871757,1
26.766485415227592,326.9565202365608,1
5.996882114368615,285.84437348805113,1
185.0102800172796,144.90441396816192,1
389.24117897798885,316.06635391618056,1
506.4332343901834,164.34040372595155,1
39.88748601638624,97.31173360584347,1
50.92881311754253,417.733108016148,1
469.77447436534936,147.27258285409846,1
48.64319435573596,86.43297311222483,1
102.03045355228213,127.57894306774307,1
328.6618196351148,1.6835048538953288,1
103.29660928519061,250.06562813016092,1
311.70012018590586,409.49696414410744,1
448.35769951679606,39.25878709227766,1
146.47014906236797,79.93383546403419,1
94.2769898768255,213.83529613752717,1
377.5563036007847,365.25358457530683,1
78.74774029766193,136.35269172484846,1
152.2704052842391,112.15788378881052,1
481.97957137546246,455.60543761037246,1
304.0832019268242,434.2527943587941,1
44.43001686176408,45.60906608696126,1
57.82262067930989,251.82442746828002,1
34.94237431146205,330.74685837696745,1
59.72741042813783,419.42088341828355,1
168.28719452850922,386.73489578022816,1
279.9008980570467,417.38711981900167,1
107.40787770509613,446.45755940042557,1
434.4215130272388,370.9480244614215,1
473.5291488987379,9.96758488221883,1
16.014498886741194,411.2558175944296,1
267.416407890711,80.28852226552499,1
359.67078405732474,410.5103479500676,1
502.15220829298937,499.87153658483174,1
42.39752217482788,276.8144389540947,1
417.218782748671,360.2414671069272,1
187.08440498646772,194.54795597712922,1
59.521268854037,51.089523724204355,1
47.18107547889415,23.041029698227305,1
26.539138544350344,7.670029105510764,1
41.1505375196711,20.53696733989284,1
54.361781678152795,50.226664544334085,1
23.12122713138562,7.814504099633609,1
173.69555573759294,179.79842825079527,1
27.04958292278937,26.090888696720924,1
53.62839800469598,38.451148765191306,1
165.98315614885155,166.51087853005043,1
150.93673123276764,146.9368258676592,1
79.55601045634859,58.07052539314935,1
84.94161926696601,85.52334637321053,1
50.67685846084829,41.98538767098097,1
56.66777257992622,28.041893029470998,1
86.63489339106319,80.06338180998955,1
132.96972297288528,126.07484277428244,1
19.210435534282517,13.07660206623541,1
32.32802023372237,13.052461176364886,1
54.8763539647546,46.02997491503561,1
67.07164109946555,50.46471184336599,1
43.83222547810947,14.081058945173481,1
83.80375351668907,74.75424635622295,1
29.047087493037235,22.873154555132714,1
34.321478834978976,25.75025642524963,1
54.890155321816934,40.49557675229664,1
49.5259493841669,39.23866218475257,1
86.29364621005156,82.79253589591025,1
32.04541612256391,26.624704773735914,1
56.595990861787136,37.46321023207349,1
